"District","Date","LEA","Total_Enrollment","Approximate_Enrollment","Cases_Weekly_GRADE_EE_3","Cases_Weekly_GRADE_4_6","Cases_Weekly_GRADE_7_12","Cases_Weekly_Staff","Infections_Weekly_On_Campus","Infections_Weekly_Off_Campus","Infections_Weekly_Unknown","Cases_Cumulative_GRADE_EE_3","Cases_Cumulative_GRADE_4_6","Cases_Cumulative_GRADE_7_12","Cases_Cumulative_Staff","Infections_Cumulative_On_Campus","Infections_Cumulative_Off_Campus","Infections_Cumulative_Unknown"
"Cayuga ISD",2021-02-21,1902,"535",489,NA,NA,236,208,NA,NA,NA,NA,NA,7,3,2,7,1
"Cayuga ISD",2021-02-21,1902,"535",489,NA,NA,133,126,NA,0,NA,NA,NA,10,4,2,6,6
"Cayuga ISD",2021-02-21,1902,"535",489,NA,NA,166,155,NA,2,NA,NA,NA,15,14,3,15,11
"Cayuga ISD Total",2021-02-21,1902,"535",489,NA,NA,535,489,NA,2,NA,NA,NA,32,21,7,28,18
"Elkhart ISD",2021-02-21,1903,"1200",1092,NA,NA,NA,NA,NA,NA,NA,NA,NA,NA,NA,NA,NA,NA
"Elkhart ISD",2021-02-21,1903,"1200",1092,NA,NA,266,231,NA,NA,NA,NA,NA,NA,4,NA,NA,NA
"Elkhart ISD",2021-02-21,1903,"1200",1092,NA,NA,322,291,0,3,0,3,0,NA,9,NA,NA,NA
"Elkhart ISD",2021-02-21,1903,"1200",1092,NA,NA,NA,NA,NA,NA,NA,NA,NA,1,8,0,1,8
"Elkhart ISD",2021-02-21,1903,"1200",1092,NA,NA,268,260,NA,0,NA,NA,NA,7,4,0,2,9
"Elkhart ISD",2021-02-21,1903,"1200",1092,NA,NA,344,310,NA,1,NA,NA,NA,10,3,0,5,8
"Elkhart ISD Total",2021-02-21,1903,"1200",1092,NA,NA,1200,1092,NA,4,NA,NA,NA,21,28,0,14,35
"Frankston ISD",2021-02-21,1904,"836",768,NA,NA,200,189,NA,NA,NA,NA,NA,NA,4,NA,NA,NA
"Frankston ISD",2021-02-21,1904,"836",768,NA,NA,NA,NA,NA,NA,NA,NA,NA,0,3,0,2,1
"Frankston ISD",2021-02-21,1904,"836",768,NA,NA,343,310,NA,NA,NA,NA,NA,6,11,0,10,7
"Frankston ISD",2021-02-21,1904,"836",768,NA,NA,293,269,NA,NA,NA,NA,NA,18,6,4,11,9
"Frankston ISD Total",2021-02-21,1904,"836",768,NA,NA,836,768,NA,NA,NA,NA,NA,NA,24,NA,NA,NA
"Neches ISD",2021-02-21,1906,"339",339,NA,NA,95,95,NA,NA,NA,NA,NA,NA,2,NA,NA,NA
"Neches ISD",2021-02-21,1906,"339",339,NA,NA,244,244,NA,NA,NA,NA,NA,NA,4,NA,NA,NA
"Neches ISD",2021-02-21,1906,"339",339,NA,NA,NA,NA,NA,NA,NA,NA,NA,1,0,0,0,1
"Neches ISD Total",2021-02-21,1906,"339",339,NA,NA,339,339,NA,NA,NA,NA,NA,NA,6,NA,NA,NA
"Palestine ISD",2021-02-21,1907,"3399",2908,NA,NA,439,387,NA,NA,NA,NA,NA,NA,11,NA,NA,NA
"Palestine ISD",2021-02-21,1907,"3399",2908,NA,NA,491,421,NA,NA,NA,NA,NA,0,5,0,5,0
"Palestine ISD",2021-02-21,1907,"3399",2908,NA,NA,220,206,NA,NA,NA,NA,NA,0,8,0,6,2
"Palestine ISD",2021-02-21,1907,"3399",2908,NA,NA,725,618,NA,NA,NA,NA,NA,0,5,0,3,2
"Palestine ISD",2021-02-21,1907,"3399",2908,NA,NA,508,428,NA,NA,NA,NA,NA,8,5,1,6,6
"Palestine ISD",2021-02-21,1907,"3399",2908,NA,NA,1016,848,NA,NA,NA,NA,NA,32,8,4,27,9
"Palestine ISD Total",2021-02-21,1907,"3399",2908,NA,NA,3399,2908,NA,NA,NA,NA,NA,NA,42,NA,NA,NA
"Westwood ISD",2021-02-21,1908,"1352",1185,NA,NA,199,176,NA,NA,NA,NA,NA,NA,4,NA,NA,NA
"Westwood ISD",2021-02-21,1908,"1352",1185,NA,NA,346,315,NA,NA,NA,NA,NA,NA,19,NA,NA,NA
"Westwood ISD",2021-02-21,1908,"1352",1185,NA,NA,373,330,NA,NA,NA,NA,NA,12,6,2,4,12
"Westwood ISD",2021-02-21,1908,"1352",1185,NA,NA,434,364,NA,NA,NA,NA,NA,19,0,1,9,9
"Westwood ISD Total",2021-02-21,1908,"1352",1185,NA,NA,1352,1185,NA,NA,NA,NA,NA,NA,29,NA,NA,NA
"Slocum ISD",2021-02-21,1909,"364",335,NA,NA,243,225,NA,1,NA,NA,NA,6,11,0,7,10
"Slocum ISD",2021-02-21,1909,"364",335,NA,NA,121,110,0,1,0,1,0,12,10,0,3,19
"Slocum ISD Total",2021-02-21,1909,"364",335,NA,NA,364,335,NA,2,NA,NA,NA,18,21,0,10,29
"Andrews ISD",2021-02-21,2901,"4149",3654,NA,NA,56,21,NA,NA,NA,NA,NA,NA,1,NA,NA,NA
"Andrews ISD",2021-02-21,2901,"4149",3654,NA,NA,651,559,NA,NA,NA,NA,NA,NA,0,NA,NA,NA
"Andrews ISD",2021-02-21,2901,"4149",3654,NA,NA,710,646,NA,NA,NA,NA,NA,NA,0,NA,NA,NA
"Andrews ISD",2021-02-21,2901,"4149",3654,NA,NA,578,513,NA,NA,NA,NA,NA,7,0,0,7,0
"Andrews ISD",2021-02-21,2901,"4149",3654,NA,NA,NA,NA,NA,NA,NA,NA,NA,14,65,0,78,1
"Andrews ISD",2021-02-21,2901,"4149",3654,NA,NA,991,881,NA,NA,NA,NA,NA,37,0,0,37,0
"Andrews ISD",2021-02-21,2901,"4149",3654,NA,NA,1163,1034,NA,NA,NA,NA,NA,51,0,0,51,0
"Andrews ISD Total",2021-02-21,2901,"4149",3654,NA,NA,4149,3654,NA,NA,NA,NA,NA,133,66,0,198,1
"Pineywoods Community Academy",2021-02-21,3801,"996",757,NA,NA,236,165,NA,NA,NA,NA,NA,NA,NA,NA,NA,NA
"Pineywoods Community Academy",2021-02-21,3801,"996",757,NA,NA,261,174,NA,NA,NA,NA,NA,NA,0,NA,NA,NA
"Pineywoods Community Academy",2021-02-21,3801,"996",757,NA,NA,499,418,NA,NA,NA,NA,NA,NA,3,NA,NA,NA
"Pineywoods Community Academy",2021-02-21,3801,"996",757,NA,NA,NA,NA,0,3,0,1,2,2,11,0,9,4
"Pineywoods Community Academy Total",2021-02-21,3801,"996",757,NA,NA,996,757,0,3,0,1,2,NA,14,NA,NA,NA
"Hudson ISD",2021-02-21,3902,"2783",2526,NA,NA,14,14,NA,NA,NA,NA,NA,0,1,0,0,1
"Hudson ISD",2021-02-21,3902,"2783",2526,NA,NA,676,620,NA,NA,NA,NA,NA,8,6,0,11,3
"Hudson ISD",2021-02-21,3902,"2783",2526,NA,NA,664,628,NA,NA,NA,NA,NA,9,1,0,8,2
"Hudson ISD",2021-02-21,3902,"2783",2526,NA,NA,619,585,NA,NA,NA,NA,NA,9,8,0,12,5
"Hudson ISD",2021-02-21,3902,"2783",2526,NA,NA,810,679,NA,NA,NA,NA,NA,28,5,0,26,7
"Hudson ISD Total",2021-02-21,3902,"2783",2526,NA,NA,2783,2526,NA,NA,NA,NA,NA,54,21,0,57,18
"Lufkin ISD",2021-02-21,3903,"7467",6179,NA,NA,53,48,NA,NA,NA,NA,NA,NA,NA,NA,NA,NA
"Lufkin ISD",2021-02-21,3903,"7467",6179,NA,NA,7,6,NA,NA,NA,NA,NA,NA,NA,NA,NA,NA
"Lufkin ISD",2021-02-21,3903,"7467",6179,NA,NA,270,227,NA,NA,NA,NA,NA,NA,2,NA,NA,NA
"Lufkin ISD",2021-02-21,3903,"7467",6179,NA,NA,115,108,NA,NA,NA,NA,NA,NA,1,NA,NA,NA
"Lufkin ISD",2021-02-21,3903,"7467",6179,NA,NA,NA,NA,NA,2,NA,NA,NA,NA,2,NA,NA,NA
"Lufkin ISD",2021-02-21,3903,"7467",6179,NA,NA,226,200,NA,0,NA,NA,NA,NA,3,NA,NA,NA
"Lufkin ISD",2021-02-21,3903,"7467",6179,NA,NA,209,175,NA,2,NA,NA,NA,NA,6,NA,NA,NA
"Lufkin ISD",2021-02-21,3903,"7467",6179,NA,NA,264,235,0,3,0,1,2,NA,4,NA,NA,NA
"Lufkin ISD",2021-02-21,3903,"7467",6179,NA,NA,253,228,7,1,2,5,1,NA,4,NA,NA,NA
"Lufkin ISD",2021-02-21,3903,"7467",6179,NA,NA,6,6,NA,NA,NA,NA,NA,0,2,0,0,2
"Lufkin ISD",2021-02-21,3903,"7467",6179,NA,NA,253,214,NA,1,NA,NA,NA,5,1,0,6,0
"Lufkin ISD",2021-02-21,3903,"7467",6179,NA,NA,508,458,NA,0,NA,NA,NA,5,6,0,3,8
"Lufkin ISD",2021-02-21,3903,"7467",6179,NA,NA,404,349,NA,1,NA,NA,NA,6,3,1,4,4
"Lufkin ISD",2021-02-21,3903,"7467",6179,NA,NA,267,223,NA,1,NA,NA,NA,7,6,0,11,2
"Lufkin ISD",2021-02-21,3903,"7467",6179,NA,NA,412,371,NA,5,NA,NA,NA,8,8,0,9,7
"Lufkin ISD",2021-02-21,3903,"7467",6179,NA,NA,382,284,NA,NA,NA,NA,NA,9,1,0,5,5
"Lufkin ISD",2021-02-21,3903,"7467",6179,NA,NA,NA,NA,0,14,0,12,2,11,32,2,18,23
"Lufkin ISD",2021-02-21,3903,"7467",6179,NA,NA,1690,1310,14,11,0,16,9,53,24,1,37,39
"Lufkin ISD",2021-02-21,3903,"7467",6179,NA,NA,2148,1737,23,3,0,22,4,77,22,1,41,57
"Lufkin ISD Total",2021-02-21,3903,"7467",6179,NA,NA,7467,6179,59,44,2,77,24,205,127,7,159,166
"Huntington ISD",2021-02-21,3904,"1573",1556,NA,NA,394,389,NA,NA,NA,NA,NA,NA,4,NA,NA,NA
"Huntington ISD",2021-02-21,3904,"1573",1556,NA,NA,226,226,NA,NA,NA,NA,NA,NA,4,NA,NA,NA
"Huntington ISD",2021-02-21,3904,"1573",1556,NA,NA,8,8,NA,NA,NA,NA,NA,0,1,0,1,0
"Huntington ISD",2021-02-21,3904,"1573",1556,NA,NA,476,474,NA,NA,NA,NA,NA,0,2,0,2,0
"Huntington ISD",2021-02-21,3904,"1573",1556,NA,NA,NA,NA,NA,NA,NA,NA,NA,1,4,0,5,0
"Huntington ISD",2021-02-21,3904,"1573",1556,NA,NA,469,459,NA,NA,NA,NA,NA,6,2,0,6,2
"Huntington ISD Total",2021-02-21,3904,"1573",1556,NA,NA,1573,1556,NA,NA,NA,NA,NA,NA,17,NA,NA,NA
"Diboll ISD",2021-02-21,3905,"1675",1524,NA,NA,3,2,NA,NA,NA,NA,NA,NA,NA,NA,NA,NA
"Diboll ISD",2021-02-21,3905,"1675",1524,NA,NA,341,311,NA,NA,NA,NA,NA,NA,4,NA,NA,NA
"Diboll ISD",2021-02-21,3905,"1675",1524,NA,NA,117,108,NA,NA,NA,NA,NA,NA,1,NA,NA,NA
"Diboll ISD",2021-02-21,3905,"1675",1524,NA,NA,315,299,NA,NA,NA,NA,NA,NA,4,NA,NA,NA
"Diboll ISD",2021-02-21,3905,"1675",1524,NA,NA,NA,NA,NA,NA,NA,NA,NA,2,6,0,2,6
"Diboll ISD",2021-02-21,3905,"1675",1524,NA,NA,400,375,NA,NA,NA,NA,NA,11,2,0,7,6
"Diboll ISD",2021-02-21,3905,"1675",1524,NA,NA,499,429,NA,NA,NA,NA,NA,35,5,3,14,23
"Diboll ISD Total",2021-02-21,3905,"1675",1524,NA,NA,1675,1524,NA,NA,NA,NA,NA,57,22,3,28,48
"Zavalla ISD",2021-02-21,3906,"305",299,NA,NA,NA,NA,NA,NA,NA,NA,NA,NA,NA,NA,NA,NA
"Zavalla ISD",2021-02-21,3906,"305",299,NA,NA,157,151,NA,NA,NA,NA,NA,NA,0,NA,NA,NA
"Zavalla ISD",2021-02-21,3906,"305",299,NA,NA,148,148,NA,NA,NA,NA,NA,0,1,1,0,0
"Zavalla ISD",2021-02-21,3906,"305",299,NA,NA,NA,NA,NA,NA,NA,NA,NA,1,2,0,2,1
"Zavalla ISD Total",2021-02-21,3906,"305",299,NA,NA,305,299,NA,NA,NA,NA,NA,NA,3,NA,NA,NA
"Central ISD",2021-02-21,3907,"1443",1322,NA,NA,2,2,NA,NA,NA,NA,NA,NA,NA,NA,NA,NA
"Central ISD",2021-02-21,3907,"1443",1322,NA,NA,391,339,NA,NA,NA,NA,NA,NA,5,NA,NA,NA
"Central ISD",2021-02-21,3907,"1443",1322,NA,NA,435,400,NA,NA,NA,NA,NA,NA,5,NA,NA,NA
"Central ISD",2021-02-21,3907,"1443",1322,NA,NA,615,581,NA,NA,NA,NA,NA,NA,0,NA,NA,NA
"Central ISD Total",2021-02-21,3907,"1443",1322,NA,NA,1443,1322,NA,NA,NA,NA,NA,NA,10,NA,NA,NA
"Aransas County ISD",2021-02-21,4901,"3010",2273,NA,NA,675,524,NA,NA,NA,NA,NA,NA,0,NA,NA,NA
"Aransas County ISD",2021-02-21,4901,"3010",2273,NA,NA,NA,NA,NA,NA,NA,NA,NA,0,1,0,0,1
"Aransas County ISD",2021-02-21,4901,"3010",2273,NA,NA,709,560,0,1,0,0,1,6,3,0,0,9
"Aransas County ISD",2021-02-21,4901,"3010",2273,NA,NA,704,569,NA,NA,NA,NA,NA,8,2,0,4,6
"Aransas County ISD",2021-02-21,4901,"3010",2273,NA,NA,922,620,NA,0,NA,NA,NA,13,4,0,3,14
"Aransas County ISD Total",2021-02-21,4901,"3010",2273,NA,NA,3010,2273,NA,1,NA,NA,NA,NA,10,NA,NA,NA
"Archer City ISD",2021-02-21,5901,"502",488,NA,NA,263,256,NA,NA,NA,NA,NA,0,2,0,2,0
"Archer City ISD",2021-02-21,5901,"502",488,NA,NA,239,232,NA,NA,NA,NA,NA,12,2,0,5,9
"Archer City ISD Total",2021-02-21,5901,"502",488,NA,NA,502,488,NA,NA,NA,NA,NA,12,4,0,7,9
"Holliday ISD",2021-02-21,5902,"1042",978,NA,NA,260,248,NA,NA,NA,NA,NA,NA,3,NA,NA,NA
"Holliday ISD",2021-02-21,5902,"1042",978,NA,NA,NA,NA,NA,NA,NA,NA,NA,0,1,0,0,1
"Holliday ISD",2021-02-21,5902,"1042",978,NA,NA,458,418,NA,NA,NA,NA,NA,9,3,0,0,12
"Holliday ISD",2021-02-21,5902,"1042",978,NA,NA,324,312,NA,NA,NA,NA,NA,11,3,1,4,9
"Holliday ISD Total",2021-02-21,5902,"1042",978,NA,NA,1042,978,NA,NA,NA,NA,NA,NA,10,NA,NA,NA
"Windthorst ISD",2021-02-21,5904,"434",422,NA,NA,117,114,NA,NA,NA,NA,NA,NA,NA,NA,NA,NA
"Windthorst ISD",2021-02-21,5904,"434",422,NA,NA,100,96,NA,NA,NA,NA,NA,NA,NA,NA,NA,NA
"Windthorst ISD",2021-02-21,5904,"434",422,NA,NA,217,212,NA,NA,NA,NA,NA,NA,NA,NA,NA,NA
"Windthorst ISD",2021-02-21,5904,"434",422,NA,NA,NA,NA,NA,NA,NA,NA,NA,8,9,3,1,13
"Windthorst ISD Total",2021-02-21,5904,"434",422,NA,NA,434,422,NA,NA,NA,NA,NA,8,9,3,1,13
"Claude ISD",2021-02-21,6902,"316",269,NA,NA,316,269,NA,NA,NA,NA,NA,22,9,0,5,26
"Claude ISD Total",2021-02-21,6902,"316",269,NA,NA,316,269,NA,NA,NA,NA,NA,22,9,0,5,26
"Charlotte ISD",2021-02-21,7901,"412",350,NA,NA,NA,NA,NA,NA,NA,NA,NA,NA,NA,NA,NA,NA
"Charlotte ISD",2021-02-21,7901,"412",350,NA,NA,NA,NA,NA,NA,NA,NA,NA,NA,NA,NA,NA,NA
"Charlotte ISD",2021-02-21,7901,"412",350,NA,NA,125,105,NA,NA,NA,NA,NA,NA,1,NA,NA,NA
"Charlotte ISD",2021-02-21,7901,"412",350,NA,NA,105,85,NA,NA,NA,NA,NA,NA,0,NA,NA,NA
"Charlotte ISD",2021-02-21,7901,"412",350,NA,NA,182,160,NA,0,NA,NA,NA,NA,0,NA,NA,NA
"Charlotte ISD",2021-02-21,7901,"412",350,NA,NA,NA,NA,NA,NA,NA,NA,NA,0,1,0,0,1
"Charlotte ISD Total",2021-02-21,7901,"412",350,NA,NA,412,350,NA,0,NA,NA,NA,NA,2,NA,NA,NA
"Jourdanton ISD",2021-02-21,7902,"1562",1326,NA,NA,NA,NA,NA,NA,NA,NA,NA,NA,NA,NA,NA,NA
"Jourdanton ISD",2021-02-21,7902,"1562",1326,NA,NA,5,5,NA,NA,NA,NA,NA,NA,NA,NA,NA,NA
"Jourdanton ISD",2021-02-21,7902,"1562",1326,NA,NA,2,2,NA,NA,NA,NA,NA,NA,NA,NA,NA,NA
"Jourdanton ISD",2021-02-21,7902,"1562",1326,NA,NA,NA,NA,NA,NA,NA,NA,NA,1,1,0,1,1
"Jourdanton ISD",2021-02-21,7902,"1562",1326,NA,NA,430,354,NA,1,NA,NA,NA,10,5,0,14,1
"Jourdanton ISD",2021-02-21,7902,"1562",1326,NA,NA,361,298,NA,0,NA,NA,NA,10,5,1,11,3
"Jourdanton ISD",2021-02-21,7902,"1562",1326,NA,NA,764,667,6,0,0,6,0,13,3,1,13,2
"Jourdanton ISD Total",2021-02-21,7902,"1562",1326,NA,NA,1562,1326,NA,1,NA,NA,NA,34,14,2,39,7
"Lytle ISD",2021-02-21,7904,"1766",1191,NA,NA,7,4,NA,NA,NA,NA,NA,NA,NA,NA,NA,NA
"Lytle ISD",2021-02-21,7904,"1766",1191,NA,NA,NA,NA,NA,NA,NA,NA,NA,NA,NA,NA,NA,NA
"Lytle ISD",2021-02-21,7904,"1766",1191,NA,NA,523,380,0,2,0,2,0,NA,4,NA,NA,NA
"Lytle ISD",2021-02-21,7904,"1766",1191,NA,NA,NA,NA,NA,NA,NA,NA,NA,0,6,0,0,6
"Lytle ISD",2021-02-21,7904,"1766",1191,NA,NA,332,271,NA,0,NA,NA,NA,7,2,0,5,4
"Lytle ISD",2021-02-21,7904,"1766",1191,NA,NA,425,287,NA,0,NA,NA,NA,13,2,0,15,0
"Lytle ISD",2021-02-21,7904,"1766",1191,NA,NA,479,249,NA,0,NA,NA,NA,27,4,0,26,5
"Lytle ISD Total",2021-02-21,7904,"1766",1191,NA,NA,1766,1191,NA,2,NA,NA,NA,NA,18,NA,NA,NA
"Pleasanton ISD",2021-02-21,7905,"3433",2757,NA,NA,7,7,NA,NA,NA,NA,NA,NA,NA,NA,NA,NA
"Pleasanton ISD",2021-02-21,7905,"3433",2757,NA,NA,14,6,NA,NA,NA,NA,NA,NA,NA,NA,NA,NA
"Pleasanton ISD",2021-02-21,7905,"3433",2757,NA,NA,658,551,NA,0,NA,NA,NA,NA,5,NA,NA,NA
"Pleasanton ISD",2021-02-21,7905,"3433",2757,NA,NA,NA,NA,NA,NA,NA,NA,NA,0,2,0,0,2
"Pleasanton ISD",2021-02-21,7905,"3433",2757,NA,NA,969,787,NA,2,NA,NA,NA,12,4,0,16,0
"Pleasanton ISD",2021-02-21,7905,"3433",2757,NA,NA,821,644,NA,2,NA,NA,NA,15,7,0,22,0
"Pleasanton ISD",2021-02-21,7905,"3433",2757,NA,NA,964,762,13,3,0,16,0,35,7,0,41,1
"Pleasanton ISD Total",2021-02-21,7905,"3433",2757,NA,NA,3433,2757,NA,7,NA,NA,NA,NA,25,NA,NA,NA
"Poteet ISD",2021-02-21,7906,"1603",1022,NA,NA,462,305,NA,NA,NA,NA,NA,NA,NA,NA,NA,NA
"Poteet ISD",2021-02-21,7906,"1603",1022,NA,NA,NA,NA,NA,NA,NA,NA,NA,NA,NA,NA,NA,NA
"Poteet ISD",2021-02-21,7906,"1603",1022,NA,NA,371,255,NA,NA,NA,NA,NA,NA,NA,NA,NA,NA
"Poteet ISD",2021-02-21,7906,"1603",1022,NA,NA,510,294,NA,NA,NA,NA,NA,NA,NA,NA,NA,NA
"Poteet ISD",2021-02-21,7906,"1603",1022,NA,NA,260,168,NA,NA,NA,NA,NA,NA,NA,NA,NA,NA
"Poteet ISD",2021-02-21,7906,"1603",1022,NA,NA,NA,NA,NA,NA,NA,NA,NA,6,1,0,7,0
"Poteet ISD Total",2021-02-21,7906,"1603",1022,NA,NA,1603,1022,NA,NA,NA,NA,NA,6,1,0,7,0
"Bellville ISD",2021-02-21,8901,"2238",2147,NA,NA,NA,NA,NA,NA,NA,NA,NA,NA,NA,NA,NA,NA
"Bellville ISD",2021-02-21,8901,"2238",2147,NA,NA,541,523,NA,NA,NA,NA,NA,NA,3,NA,NA,NA
"Bellville ISD",2021-02-21,8901,"2238",2147,NA,NA,292,283,NA,NA,NA,NA,NA,NA,1,NA,NA,NA
"Bellville ISD",2021-02-21,8901,"2238",2147,NA,NA,151,150,NA,NA,NA,NA,NA,0,2,0,2,0
"Bellville ISD",2021-02-21,8901,"2238",2147,NA,NA,NA,NA,NA,NA,NA,NA,NA,2,10,0,3,9
"Bellville ISD",2021-02-21,8901,"2238",2147,NA,NA,512,487,0,1,0,0,1,9,4,0,4,9
"Bellville ISD",2021-02-21,8901,"2238",2147,NA,NA,742,704,NA,NA,NA,NA,NA,28,5,2,7,24
"Bellville ISD Total",2021-02-21,8901,"2238",2147,NA,NA,2238,2147,0,1,0,0,1,44,25,3,23,43
"Sealy ISD",2021-02-21,8902,"2816",2522,NA,NA,675,610,NA,2,NA,NA,NA,NA,7,NA,NA,NA
"Sealy ISD",2021-02-21,8902,"2816",2522,NA,NA,NA,NA,NA,NA,NA,NA,NA,0,3,0,1,2
"Sealy ISD",2021-02-21,8902,"2816",2522,NA,NA,640,592,NA,NA,NA,NA,NA,13,15,0,12,16
"Sealy ISD",2021-02-21,8902,"2816",2522,NA,NA,682,603,NA,0,NA,NA,NA,14,3,0,8,9
"Sealy ISD",2021-02-21,8902,"2816",2522,NA,NA,819,717,5,2,0,7,0,23,11,1,24,9
"Sealy ISD Total",2021-02-21,8902,"2816",2522,NA,NA,2816,2522,NA,4,NA,NA,NA,NA,39,NA,NA,NA
"Brazos ISD",2021-02-21,8903,"794",647,NA,NA,NA,NA,NA,NA,NA,NA,NA,NA,NA,NA,NA,NA
"Brazos ISD",2021-02-21,8903,"794",647,NA,NA,209,179,NA,NA,NA,NA,NA,NA,0,NA,NA,NA
"Brazos ISD",2021-02-21,8903,"794",647,NA,NA,332,292,NA,NA,NA,NA,NA,11,4,0,12,3
"Brazos ISD",2021-02-21,8903,"794",647,NA,NA,253,176,NA,NA,NA,NA,NA,15,7,0,6,16
"Brazos ISD Total",2021-02-21,8903,"794",647,NA,NA,794,647,NA,NA,NA,NA,NA,NA,11,NA,NA,NA
"Muleshoe ISD",2021-02-21,9901,"1336",1277,NA,NA,345,333,NA,NA,NA,NA,NA,NA,8,NA,NA,NA
"Muleshoe ISD",2021-02-21,9901,"1336",1277,NA,NA,NA,NA,0,1,0,1,0,0,11,0,10,1
"Muleshoe ISD",2021-02-21,9901,"1336",1277,NA,NA,303,297,NA,NA,NA,NA,NA,6,6,0,12,0
"Muleshoe ISD",2021-02-21,9901,"1336",1277,NA,NA,327,308,NA,NA,NA,NA,NA,17,8,2,23,0
"Muleshoe ISD",2021-02-21,9901,"1336",1277,NA,NA,361,339,NA,NA,NA,NA,NA,54,7,0,61,0
"Muleshoe ISD Total",2021-02-21,9901,"1336",1277,NA,NA,1336,1277,0,1,0,1,0,NA,40,NA,NA,NA
"Medina ISD",2021-02-21,10901,"281",274,NA,NA,281,274,NA,NA,NA,NA,NA,0,2,0,2,0
"Medina ISD Total",2021-02-21,10901,"281",274,NA,NA,281,274,NA,NA,NA,NA,NA,0,2,0,2,0
"Bandera ISD",2021-02-21,10902,"2216",1959,NA,NA,561,490,NA,NA,NA,NA,NA,NA,0,NA,NA,NA
"Bandera ISD",2021-02-21,10902,"2216",1959,NA,NA,459,416,NA,NA,NA,NA,NA,NA,0,NA,NA,NA
"Bandera ISD",2021-02-21,10902,"2216",1959,NA,NA,537,484,NA,NA,NA,NA,NA,9,3,2,8,2
"Bandera ISD",2021-02-21,10902,"2216",1959,NA,NA,659,569,NA,NA,NA,NA,NA,14,3,0,7,10
"Bandera ISD Total",2021-02-21,10902,"2216",1959,NA,NA,2216,1959,NA,NA,NA,NA,NA,NA,6,NA,NA,NA
"Bastrop ISD",2021-02-21,11901,"11441",7055,NA,NA,801,505,NA,NA,NA,NA,NA,NA,2,NA,NA,NA
"Bastrop ISD",2021-02-21,11901,"11441",7055,NA,NA,983,531,NA,NA,NA,NA,NA,NA,1,NA,NA,NA
"Bastrop ISD",2021-02-21,11901,"11441",7055,NA,NA,920,524,NA,NA,NA,NA,NA,NA,1,NA,NA,NA
"Bastrop ISD",2021-02-21,11901,"11441",7055,NA,NA,235,107,NA,0,NA,NA,NA,NA,0,NA,NA,NA
"Bastrop ISD",2021-02-21,11901,"11441",7055,NA,NA,630,418,NA,0,NA,NA,NA,NA,4,NA,NA,NA
"Bastrop ISD",2021-02-21,11901,"11441",7055,NA,NA,663,476,0,3,0,3,0,NA,7,NA,NA,NA
"Bastrop ISD",2021-02-21,11901,"11441",7055,NA,NA,717,528,0,2,0,2,0,NA,2,NA,NA,NA
"Bastrop ISD",2021-02-21,11901,"11441",7055,NA,NA,643,475,0,3,1,0,2,NA,4,NA,NA,NA
"Bastrop ISD",2021-02-21,11901,"11441",7055,NA,NA,140,31,0,1,0,1,0,0,1,0,1,0
"Bastrop ISD",2021-02-21,11901,"11441",7055,NA,NA,NA,NA,0,1,0,1,0,0,5,0,2,3
"Bastrop ISD",2021-02-21,11901,"11441",7055,NA,NA,840,493,0,2,1,1,0,6,7,2,10,1
"Bastrop ISD",2021-02-21,11901,"11441",7055,NA,NA,1754,1027,NA,NA,NA,NA,NA,8,3,0,7,4
"Bastrop ISD",2021-02-21,11901,"11441",7055,NA,NA,862,524,NA,1,NA,NA,NA,8,1,0,7,2
"Bastrop ISD",2021-02-21,11901,"11441",7055,NA,NA,749,494,NA,0,NA,NA,NA,8,11,2,7,10
"Bastrop ISD",2021-02-21,11901,"11441",7055,NA,NA,1504,922,NA,0,NA,NA,NA,22,5,2,14,11
"Bastrop ISD Total",2021-02-21,11901,"11441",7055,NA,NA,11441,7055,7,13,2,16,2,70,54,12,70,42
"Elgin ISD",2021-02-21,11902,"4640",2317,NA,NA,NA,NA,NA,NA,NA,NA,NA,NA,NA,NA,NA,NA
"Elgin ISD",2021-02-21,11902,"4640",2317,NA,NA,48,9,NA,NA,NA,NA,NA,NA,NA,NA,NA,NA
"Elgin ISD",2021-02-21,11902,"4640",2317,NA,NA,760,353,NA,NA,NA,NA,NA,NA,0,NA,NA,NA
"Elgin ISD",2021-02-21,11902,"4640",2317,NA,NA,653,344,NA,NA,NA,NA,NA,NA,1,NA,NA,NA
"Elgin ISD",2021-02-21,11902,"4640",2317,NA,NA,1380,534,NA,2,NA,NA,NA,NA,6,NA,NA,NA
"Elgin ISD",2021-02-21,11902,"4640",2317,NA,NA,597,363,NA,2,NA,NA,NA,NA,2,NA,NA,NA
"Elgin ISD",2021-02-21,11902,"4640",2317,NA,NA,675,389,0,1,0,0,1,NA,5,NA,NA,NA
"Elgin ISD",2021-02-21,11902,"4640",2317,NA,NA,527,325,0,2,0,0,2,NA,5,NA,NA,NA
"Elgin ISD Total",2021-02-21,11902,"4640",2317,NA,NA,4640,2317,NA,7,NA,NA,NA,17,19,0,1,35
"Smithville ISD",2021-02-21,11904,"1709",1238,NA,NA,NA,NA,NA,NA,NA,NA,NA,NA,NA,NA,NA,NA
"Smithville ISD",2021-02-21,11904,"1709",1238,NA,NA,584,417,NA,NA,NA,NA,NA,NA,1,NA,NA,NA
"Smithville ISD",2021-02-21,11904,"1709",1238,NA,NA,407,299,NA,NA,NA,NA,NA,NA,0,NA,NA,NA
"Smithville ISD",2021-02-21,11904,"1709",1238,NA,NA,352,248,NA,NA,NA,NA,NA,NA,2,NA,NA,NA
"Smithville ISD",2021-02-21,11904,"1709",1238,NA,NA,366,274,NA,NA,NA,NA,NA,0,1,0,1,0
"Smithville ISD",2021-02-21,11904,"1709",1238,NA,NA,NA,NA,NA,NA,NA,NA,NA,2,3,0,2,3
"Smithville ISD Total",2021-02-21,11904,"1709",1238,NA,NA,1709,1238,NA,NA,NA,NA,NA,NA,7,NA,NA,NA
"Mcdade ISD",2021-02-21,11905,"334",222,NA,NA,125,70,NA,NA,NA,NA,NA,NA,NA,NA,NA,NA
"Mcdade ISD",2021-02-21,11905,"334",222,NA,NA,NA,NA,NA,NA,NA,NA,NA,NA,NA,NA,NA,NA
"Mcdade ISD",2021-02-21,11905,"334",222,NA,NA,209,152,NA,NA,NA,NA,NA,NA,NA,NA,NA,NA
"Mcdade ISD Total",2021-02-21,11905,"334",222,NA,NA,334,222,NA,NA,NA,NA,NA,NA,NA,NA,NA,NA
"Seymour ISD",2021-02-21,12901,"621",597,NA,NA,176,163,NA,NA,NA,NA,NA,NA,0,NA,NA,NA
"Seymour ISD",2021-02-21,12901,"621",597,NA,NA,173,170,NA,NA,NA,NA,NA,NA,2,NA,NA,NA
"Seymour ISD",2021-02-21,12901,"621",597,NA,NA,272,264,NA,NA,NA,NA,NA,NA,4,NA,NA,NA
"Seymour ISD",2021-02-21,12901,"621",597,NA,NA,NA,NA,NA,NA,NA,NA,NA,0,1,0,1,0
"Seymour ISD Total",2021-02-21,12901,"621",597,NA,NA,621,597,NA,NA,NA,NA,NA,NA,7,NA,NA,NA
"St Mary's Academy Charter School",2021-02-21,13801,"391",280,NA,NA,391,280,0,2,0,2,0,NA,6,NA,NA,NA
"St Mary's Academy Charter School Total",2021-02-21,13801,"391",280,NA,NA,391,280,0,2,0,2,0,NA,6,NA,NA,NA
"Beeville ISD",2021-02-21,13901,"3151",2015,NA,NA,85,42,NA,NA,NA,NA,NA,NA,0,NA,NA,NA
"Beeville ISD",2021-02-21,13901,"3151",2015,NA,NA,696,426,NA,NA,NA,NA,NA,NA,7,NA,NA,NA
"Beeville ISD",2021-02-21,13901,"3151",2015,NA,NA,463,328,NA,NA,NA,NA,NA,NA,0,NA,NA,NA
"Beeville ISD",2021-02-21,13901,"3151",2015,NA,NA,318,266,NA,NA,NA,NA,NA,NA,1,NA,NA,NA
"Beeville ISD",2021-02-21,13901,"3151",2015,NA,NA,108,66,NA,1,NA,NA,NA,NA,1,NA,NA,NA
"Beeville ISD",2021-02-21,13901,"3151",2015,NA,NA,555,375,NA,0,NA,NA,NA,NA,2,NA,NA,NA
"Beeville ISD",2021-02-21,13901,"3151",2015,NA,NA,NA,NA,NA,NA,NA,NA,NA,10,3,0,1,12
"Beeville ISD",2021-02-21,13901,"3151",2015,NA,NA,926,512,NA,0,NA,NA,NA,19,2,0,6,15
"Beeville ISD Total",2021-02-21,13901,"3151",2015,NA,NA,3151,2015,NA,1,NA,NA,NA,44,16,0,13,47
"Pawnee ISD",2021-02-21,13902,"184",139,NA,NA,184,139,NA,NA,NA,NA,NA,0,2,0,2,0
"Pawnee ISD Total",2021-02-21,13902,"184",139,NA,NA,184,139,NA,NA,NA,NA,NA,0,2,0,2,0
"Pettus ISD",2021-02-21,13903,"350",299,NA,NA,189,150,NA,NA,NA,NA,NA,NA,0,NA,NA,NA
"Pettus ISD",2021-02-21,13903,"350",299,NA,NA,161,149,NA,NA,NA,NA,NA,0,2,0,2,0
"Pettus ISD Total",2021-02-21,13903,"350",299,NA,NA,350,299,NA,NA,NA,NA,NA,NA,2,NA,NA,NA
"Skidmore-Tynan ISD",2021-02-21,13905,"814",701,NA,NA,194,158,NA,NA,NA,NA,NA,NA,0,NA,NA,NA
"Skidmore-Tynan ISD",2021-02-21,13905,"814",701,NA,NA,NA,NA,NA,NA,NA,NA,NA,0,8,0,0,8
"Skidmore-Tynan ISD",2021-02-21,13905,"814",701,NA,NA,365,349,NA,0,NA,NA,NA,NA,5,NA,NA,NA
"Skidmore-Tynan ISD",2021-02-21,13905,"814",701,NA,NA,255,194,NA,0,NA,NA,NA,16,2,0,3,15
"Skidmore-Tynan ISD Total",2021-02-21,13905,"814",701,NA,NA,814,701,NA,0,NA,NA,NA,26,15,0,3,38
"Richard Milburn Alter High School (Killeen)",2021-02-21,14801,"1899",667,NA,NA,224,75,NA,NA,NA,NA,NA,NA,NA,NA,NA,NA
"Richard Milburn Alter High School (Killeen)",2021-02-21,14801,"1899",667,NA,NA,200,65,NA,NA,NA,NA,NA,NA,NA,NA,NA,NA
"Richard Milburn Alter High School (Killeen)",2021-02-21,14801,"1899",667,NA,NA,169,59,NA,NA,NA,NA,NA,NA,0,NA,NA,NA
"Richard Milburn Alter High School (Killeen)",2021-02-21,14801,"1899",667,NA,NA,403,149,NA,NA,NA,NA,NA,NA,0,NA,NA,NA
"Richard Milburn Alter High School (Killeen)",2021-02-21,14801,"1899",667,NA,NA,164,49,NA,NA,NA,NA,NA,NA,0,NA,NA,NA
"Richard Milburn Alter High School (Killeen)",2021-02-21,14801,"1899",667,NA,NA,171,53,NA,NA,NA,NA,NA,NA,0,NA,NA,NA
"Richard Milburn Alter High School (Killeen)",2021-02-21,14801,"1899",667,NA,NA,153,80,NA,NA,NA,NA,NA,NA,3,NA,NA,NA
"Richard Milburn Alter High School (Killeen)",2021-02-21,14801,"1899",667,NA,NA,161,77,NA,NA,NA,NA,NA,NA,0,NA,NA,NA
"Richard Milburn Alter High School (Killeen)",2021-02-21,14801,"1899",667,NA,NA,254,60,NA,NA,NA,NA,NA,0,1,0,1,0
"Richard Milburn Alter High School (Killeen)",2021-02-21,14801,"1899",667,NA,NA,NA,NA,NA,NA,NA,NA,NA,1,10,0,11,0
"Richard Milburn Alter High School (Killeen) Total",2021-02-21,14801,"1899",667,NA,NA,1899,667,NA,NA,NA,NA,NA,18,14,0,31,1
"Priority Charter Schools",2021-02-21,14803,"850",642,NA,NA,239,172,NA,NA,NA,NA,NA,NA,NA,NA,NA,NA
"Priority Charter Schools",2021-02-21,14803,"850",642,NA,NA,158,124,NA,NA,NA,NA,NA,NA,NA,NA,NA,NA
"Priority Charter Schools",2021-02-21,14803,"850",642,NA,NA,149,126,NA,NA,NA,NA,NA,NA,1,NA,NA,NA
"Priority Charter Schools",2021-02-21,14803,"850",642,NA,NA,304,220,NA,NA,NA,NA,NA,NA,1,NA,NA,NA
"Priority Charter Schools Total",2021-02-21,14803,"850",642,NA,NA,850,642,NA,NA,NA,NA,NA,NA,2,NA,NA,NA
"Orenda Charter School",2021-02-21,14804,"1851",1125,NA,NA,60,56,NA,NA,NA,NA,NA,NA,NA,NA,NA,NA
"Orenda Charter School",2021-02-21,14804,"1851",1125,NA,NA,80,19,NA,NA,NA,NA,NA,NA,NA,NA,NA,NA
"Orenda Charter School",2021-02-21,14804,"1851",1125,NA,NA,120,95,NA,NA,NA,NA,NA,NA,NA,NA,NA,NA
"Orenda Charter School",2021-02-21,14804,"1851",1125,NA,NA,132,98,NA,NA,NA,NA,NA,NA,1,NA,NA,NA
"Orenda Charter School",2021-02-21,14804,"1851",1125,NA,NA,1459,857,NA,NA,NA,NA,NA,11,2,1,12,0
"Orenda Charter School Total",2021-02-21,14804,"1851",1125,NA,NA,1851,1125,NA,NA,NA,NA,NA,NA,3,NA,NA,NA
"Academy ISD",2021-02-21,14901,"1727",1549,NA,NA,NA,NA,NA,NA,NA,NA,NA,NA,NA,NA,NA,NA
"Academy ISD",2021-02-21,14901,"1727",1549,NA,NA,488,411,NA,NA,NA,NA,NA,NA,5,NA,NA,NA
"Academy ISD",2021-02-21,14901,"1727",1549,NA,NA,423,385,NA,NA,NA,NA,NA,NA,1,NA,NA,NA
"Academy ISD",2021-02-21,14901,"1727",1549,NA,NA,385,359,NA,NA,NA,NA,NA,NA,1,NA,NA,NA
"Academy ISD",2021-02-21,14901,"1727",1549,NA,NA,431,394,NA,NA,NA,NA,NA,NA,2,NA,NA,NA
"Academy ISD",2021-02-21,14901,"1727",1549,NA,NA,NA,NA,NA,NA,NA,NA,NA,0,1,0,0,1
"Academy ISD Total",2021-02-21,14901,"1727",1549,NA,NA,1727,1549,NA,NA,NA,NA,NA,NA,10,NA,NA,NA
"Bartlett ISD",2021-02-21,14902,"380",348,NA,NA,NA,NA,NA,NA,NA,NA,NA,NA,NA,NA,NA,NA
"Bartlett ISD",2021-02-21,14902,"380",348,NA,NA,NA,NA,NA,NA,NA,NA,NA,NA,NA,NA,NA,NA
"Bartlett ISD",2021-02-21,14902,"380",348,NA,NA,380,348,NA,NA,NA,NA,NA,NA,7,NA,NA,NA
"Bartlett ISD Total",2021-02-21,14902,"380",348,NA,NA,380,348,NA,NA,NA,NA,NA,NA,7,NA,NA,NA
"Belton ISD",2021-02-21,14903,"12609",9746,NA,NA,NA,NA,NA,NA,NA,NA,NA,NA,NA,NA,NA,NA
"Belton ISD",2021-02-21,14903,"12609",9746,NA,NA,NA,NA,NA,NA,NA,NA,NA,NA,3,NA,NA,NA
"Belton ISD",2021-02-21,14903,"12609",9746,NA,NA,746,626,NA,NA,NA,NA,NA,NA,5,NA,NA,NA
"Belton ISD",2021-02-21,14903,"12609",9746,NA,NA,245,196,NA,NA,NA,NA,NA,NA,0,NA,NA,NA
"Belton ISD",2021-02-21,14903,"12609",9746,NA,NA,305,215,NA,NA,NA,NA,NA,NA,3,NA,NA,NA
"Belton ISD",2021-02-21,14903,"12609",9746,NA,NA,658,559,NA,NA,NA,NA,NA,NA,2,NA,NA,NA
"Belton ISD",2021-02-21,14903,"12609",9746,NA,NA,637,542,NA,NA,NA,NA,NA,NA,2,NA,NA,NA
"Belton ISD",2021-02-21,14903,"12609",9746,NA,NA,606,481,NA,NA,NA,NA,NA,NA,4,NA,NA,NA
"Belton ISD",2021-02-21,14903,"12609",9746,NA,NA,666,490,NA,NA,NA,NA,NA,NA,7,NA,NA,NA
"Belton ISD",2021-02-21,14903,"12609",9746,NA,NA,590,476,NA,NA,NA,NA,NA,NA,5,NA,NA,NA
"Belton ISD",2021-02-21,14903,"12609",9746,NA,NA,366,318,NA,NA,NA,NA,NA,NA,9,NA,NA,NA
"Belton ISD",2021-02-21,14903,"12609",9746,NA,NA,475,410,NA,NA,NA,NA,NA,NA,1,NA,NA,NA
"Belton ISD",2021-02-21,14903,"12609",9746,NA,NA,NA,NA,NA,NA,NA,NA,NA,1,17,0,3,15
"Belton ISD",2021-02-21,14903,"12609",9746,NA,NA,741,568,NA,NA,NA,NA,NA,5,1,0,1,5
"Belton ISD",2021-02-21,14903,"12609",9746,NA,NA,818,646,NA,NA,NA,NA,NA,7,2,0,7,2
"Belton ISD",2021-02-21,14903,"12609",9746,NA,NA,384,312,NA,NA,NA,NA,NA,9,2,0,6,5
"Belton ISD",2021-02-21,14903,"12609",9746,NA,NA,624,494,NA,NA,NA,NA,NA,11,6,0,8,9
"Belton ISD",2021-02-21,14903,"12609",9746,NA,NA,921,753,NA,NA,NA,NA,NA,14,7,2,8,11
"Belton ISD",2021-02-21,14903,"12609",9746,NA,NA,942,797,NA,NA,NA,NA,NA,17,9,0,6,20
"Belton ISD",2021-02-21,14903,"12609",9746,NA,NA,2885,1863,NA,NA,NA,NA,NA,43,20,4,16,43
"Belton ISD Total",2021-02-21,14903,"12609",9746,NA,NA,12609,9746,NA,NA,NA,NA,NA,140,105,10,81,154
"Holland ISD",2021-02-21,14905,"653",608,NA,NA,NA,NA,NA,NA,NA,NA,NA,NA,NA,NA,NA,NA
"Holland ISD",2021-02-21,14905,"653",608,NA,NA,NA,NA,NA,NA,NA,NA,NA,NA,NA,NA,NA,NA
"Holland ISD",2021-02-21,14905,"653",608,NA,NA,143,131,NA,NA,NA,NA,NA,NA,0,NA,NA,NA
"Holland ISD",2021-02-21,14905,"653",608,NA,NA,303,290,NA,NA,NA,NA,NA,NA,5,NA,NA,NA
"Holland ISD",2021-02-21,14905,"653",608,NA,NA,207,187,NA,NA,NA,NA,NA,8,2,0,10,0
"Holland ISD Total",2021-02-21,14905,"653",608,NA,NA,653,608,NA,NA,NA,NA,NA,NA,7,NA,NA,NA
"Killeen ISD",2021-02-21,14906,"44274",27405,NA,NA,38,22,NA,NA,NA,NA,NA,NA,NA,NA,NA,NA
"Killeen ISD",2021-02-21,14906,"44274",27405,NA,NA,13,10,NA,NA,NA,NA,NA,NA,NA,NA,NA,NA
"Killeen ISD",2021-02-21,14906,"44274",27405,NA,NA,NA,NA,NA,NA,NA,NA,NA,NA,NA,NA,NA,NA
"Killeen ISD",2021-02-21,14906,"44274",27405,NA,NA,14,8,NA,NA,NA,NA,NA,NA,NA,NA,NA,NA
"Killeen ISD",2021-02-21,14906,"44274",27405,NA,NA,NA,NA,NA,NA,NA,NA,NA,NA,NA,NA,NA,NA
"Killeen ISD",2021-02-21,14906,"44274",27405,NA,NA,NA,NA,NA,NA,NA,NA,NA,NA,9,NA,NA,NA
"Killeen ISD",2021-02-21,14906,"44274",27405,NA,NA,1080,280,NA,NA,NA,NA,NA,NA,2,NA,NA,NA
"Killeen ISD",2021-02-21,14906,"44274",27405,NA,NA,824,427,NA,NA,NA,NA,NA,NA,8,NA,NA,NA
"Killeen ISD",2021-02-21,14906,"44274",27405,NA,NA,376,264,NA,NA,NA,NA,NA,NA,4,NA,NA,NA
"Killeen ISD",2021-02-21,14906,"44274",27405,NA,NA,574,440,NA,NA,NA,NA,NA,NA,6,NA,NA,NA
"Killeen ISD",2021-02-21,14906,"44274",27405,NA,NA,635,490,NA,NA,NA,NA,NA,NA,11,NA,NA,NA
"Killeen ISD",2021-02-21,14906,"44274",27405,NA,NA,683,442,NA,NA,NA,NA,NA,NA,7,NA,NA,NA
"Killeen ISD",2021-02-21,14906,"44274",27405,NA,NA,860,585,NA,NA,NA,NA,NA,NA,6,NA,NA,NA
"Killeen ISD",2021-02-21,14906,"44274",27405,NA,NA,1242,826,NA,NA,NA,NA,NA,NA,20,NA,NA,NA
"Killeen ISD",2021-02-21,14906,"44274",27405,NA,NA,399,82,NA,0,NA,NA,NA,NA,1,NA,NA,NA
"Killeen ISD",2021-02-21,14906,"44274",27405,NA,NA,492,354,NA,1,NA,NA,NA,NA,5,NA,NA,NA
"Killeen ISD",2021-02-21,14906,"44274",27405,NA,NA,566,474,NA,0,NA,NA,NA,NA,8,NA,NA,NA
"Killeen ISD",2021-02-21,14906,"44274",27405,NA,NA,924,617,NA,1,NA,NA,NA,NA,11,NA,NA,NA
"Killeen ISD",2021-02-21,14906,"44274",27405,NA,NA,627,395,NA,0,NA,NA,NA,NA,11,NA,NA,NA
"Killeen ISD",2021-02-21,14906,"44274",27405,NA,NA,613,435,NA,0,NA,NA,NA,NA,5,NA,NA,NA
"Killeen ISD",2021-02-21,14906,"44274",27405,NA,NA,633,435,0,1,0,0,1,NA,8,NA,NA,NA
"Killeen ISD",2021-02-21,14906,"44274",27405,NA,NA,429,319,0,1,0,0,1,NA,5,NA,NA,NA
"Killeen ISD",2021-02-21,14906,"44274",27405,NA,NA,648,472,0,1,0,0,1,NA,7,NA,NA,NA
"Killeen ISD",2021-02-21,14906,"44274",27405,NA,NA,670,543,0,2,0,0,2,NA,10,NA,NA,NA
"Killeen ISD",2021-02-21,14906,"44274",27405,NA,NA,614,508,0,1,0,0,1,NA,14,NA,NA,NA
"Killeen ISD",2021-02-21,14906,"44274",27405,NA,NA,910,638,0,1,0,0,1,NA,4,NA,NA,NA
"Killeen ISD",2021-02-21,14906,"44274",27405,NA,NA,825,587,0,2,0,0,2,NA,7,NA,NA,NA
"Killeen ISD",2021-02-21,14906,"44274",27405,NA,NA,66,23,NA,NA,NA,NA,NA,0,7,0,0,7
"Killeen ISD",2021-02-21,14906,"44274",27405,NA,NA,771,408,NA,NA,NA,NA,NA,5,7,0,0,12
"Killeen ISD",2021-02-21,14906,"44274",27405,NA,NA,465,313,NA,NA,NA,NA,NA,6,4,0,0,10
"Killeen ISD",2021-02-21,14906,"44274",27405,NA,NA,648,410,0,1,0,0,1,6,8,0,0,14
"Killeen ISD",2021-02-21,14906,"44274",27405,NA,NA,692,419,NA,NA,NA,NA,NA,7,8,0,0,15
"Killeen ISD",2021-02-21,14906,"44274",27405,NA,NA,813,578,NA,NA,NA,NA,NA,7,7,0,0,14
"Killeen ISD",2021-02-21,14906,"44274",27405,NA,NA,900,634,NA,NA,NA,NA,NA,7,11,0,0,18
"Killeen ISD",2021-02-21,14906,"44274",27405,NA,NA,992,703,NA,NA,NA,NA,NA,7,6,0,0,13
"Killeen ISD",2021-02-21,14906,"44274",27405,NA,NA,660,461,0,1,0,0,1,7,14,0,0,21
"Killeen ISD",2021-02-21,14906,"44274",27405,NA,NA,876,482,NA,0,NA,NA,NA,8,6,0,0,14
"Killeen ISD",2021-02-21,14906,"44274",27405,NA,NA,1062,718,NA,2,NA,NA,NA,8,10,0,0,18
"Killeen ISD",2021-02-21,14906,"44274",27405,NA,NA,602,410,NA,2,NA,NA,NA,8,8,0,0,16
"Killeen ISD",2021-02-21,14906,"44274",27405,NA,NA,1052,723,NA,0,NA,NA,NA,8,14,0,0,22
"Killeen ISD",2021-02-21,14906,"44274",27405,NA,NA,799,537,NA,2,NA,NA,NA,9,6,0,1,14
"Killeen ISD",2021-02-21,14906,"44274",27405,NA,NA,944,622,NA,0,NA,NA,NA,9,3,0,0,12
"Killeen ISD",2021-02-21,14906,"44274",27405,NA,NA,841,600,NA,NA,NA,NA,NA,10,6,0,0,16
"Killeen ISD",2021-02-21,14906,"44274",27405,NA,NA,568,471,NA,NA,NA,NA,NA,11,10,0,0,21
"Killeen ISD",2021-02-21,14906,"44274",27405,NA,NA,1000,623,NA,NA,NA,NA,NA,12,10,0,0,22
"Killeen ISD",2021-02-21,14906,"44274",27405,NA,NA,762,564,NA,5,NA,NA,NA,12,14,0,0,26
"Killeen ISD",2021-02-21,14906,"44274",27405,NA,NA,636,522,NA,1,NA,NA,NA,12,9,0,0,21
"Killeen ISD",2021-02-21,14906,"44274",27405,NA,NA,755,552,0,1,0,0,1,13,8,0,0,21
"Killeen ISD",2021-02-21,14906,"44274",27405,NA,NA,893,547,0,2,0,0,2,14,10,0,0,24
"Killeen ISD",2021-02-21,14906,"44274",27405,NA,NA,833,572,0,1,0,0,1,14,22,0,1,35
"Killeen ISD",2021-02-21,14906,"44274",27405,NA,NA,683,440,NA,NA,NA,NA,NA,16,9,0,0,25
"Killeen ISD",2021-02-21,14906,"44274",27405,NA,NA,1414,821,NA,NA,NA,NA,NA,22,15,0,0,37
"Killeen ISD",2021-02-21,14906,"44274",27405,NA,NA,2251,952,0,1,0,0,1,33,21,0,0,54
"Killeen ISD",2021-02-21,14906,"44274",27405,NA,NA,2718,1330,NA,2,NA,NA,NA,34,20,0,0,54
"Killeen ISD",2021-02-21,14906,"44274",27405,NA,NA,2699,1280,5,1,0,0,6,39,26,0,2,63
"Killeen ISD",2021-02-21,14906,"44274",27405,NA,NA,2190,1037,NA,2,NA,NA,NA,49,19,0,0,68
"Killeen ISD Total",2021-02-21,14906,"44274",27405,NA,NA,44274,27405,28,35,0,0,63,479,487,0,7,959
"Rogers ISD",2021-02-21,14907,"891",868,NA,NA,NA,NA,NA,NA,NA,NA,NA,NA,NA,NA,NA,NA
"Rogers ISD",2021-02-21,14907,"891",868,NA,NA,1,1,NA,NA,NA,NA,NA,NA,NA,NA,NA,NA
"Rogers ISD",2021-02-21,14907,"891",868,NA,NA,NA,NA,0,1,0,0,1,0,5,0,1,4
"Rogers ISD",2021-02-21,14907,"891",868,NA,NA,404,401,NA,NA,NA,NA,NA,5,8,0,6,7
"Rogers ISD",2021-02-21,14907,"891",868,NA,NA,205,201,NA,NA,NA,NA,NA,12,4,0,2,14
"Rogers ISD",2021-02-21,14907,"891",868,NA,NA,281,265,NA,0,NA,NA,NA,32,4,0,10,26
"Rogers ISD Total",2021-02-21,14907,"891",868,NA,NA,891,868,NA,1,NA,NA,NA,49,21,0,19,51
"Salado ISD",2021-02-21,14908,"2106",1834,NA,NA,NA,NA,NA,NA,NA,NA,NA,NA,NA,NA,NA,NA
"Salado ISD",2021-02-21,14908,"2106",1834,NA,NA,3,2,NA,NA,NA,NA,NA,NA,NA,NA,NA,NA
"Salado ISD",2021-02-21,14908,"2106",1834,NA,NA,NA,NA,NA,NA,NA,NA,NA,0,2,0,0,2
"Salado ISD",2021-02-21,14908,"2106",1834,NA,NA,487,424,NA,NA,NA,NA,NA,7,3,0,1,9
"Salado ISD",2021-02-21,14908,"2106",1834,NA,NA,953,827,NA,NA,NA,NA,NA,16,8,0,1,23
"Salado ISD",2021-02-21,14908,"2106",1834,NA,NA,663,581,NA,NA,NA,NA,NA,22,5,0,5,22
"Salado ISD Total",2021-02-21,14908,"2106",1834,NA,NA,2106,1834,NA,NA,NA,NA,NA,45,18,0,7,56
"Temple ISD",2021-02-21,14909,"8407",6499,NA,NA,NA,NA,NA,NA,NA,NA,NA,NA,NA,NA,NA,NA
"Temple ISD",2021-02-21,14909,"8407",6499,NA,NA,102,49,NA,NA,NA,NA,NA,NA,NA,NA,NA,NA
"Temple ISD",2021-02-21,14909,"8407",6499,NA,NA,1,1,NA,NA,NA,NA,NA,NA,NA,NA,NA,NA
"Temple ISD",2021-02-21,14909,"8407",6499,NA,NA,425,366,NA,NA,NA,NA,NA,NA,4,NA,NA,NA
"Temple ISD",2021-02-21,14909,"8407",6499,NA,NA,527,442,NA,0,NA,NA,NA,NA,1,NA,NA,NA
"Temple ISD",2021-02-21,14909,"8407",6499,NA,NA,728,611,NA,2,NA,NA,NA,NA,5,NA,NA,NA
"Temple ISD",2021-02-21,14909,"8407",6499,NA,NA,462,410,0,1,0,0,1,NA,7,NA,NA,NA
"Temple ISD",2021-02-21,14909,"8407",6499,NA,NA,26,17,NA,NA,NA,NA,NA,0,1,0,0,1
"Temple ISD",2021-02-21,14909,"8407",6499,NA,NA,367,324,NA,NA,NA,NA,NA,0,2,0,0,2
"Temple ISD",2021-02-21,14909,"8407",6499,NA,NA,410,301,NA,NA,NA,NA,NA,0,4,0,0,4
"Temple ISD",2021-02-21,14909,"8407",6499,NA,NA,472,426,0,1,0,0,1,0,4,0,0,4
"Temple ISD",2021-02-21,14909,"8407",6499,NA,NA,400,312,0,1,0,0,1,5,10,0,0,15
"Temple ISD",2021-02-21,14909,"8407",6499,NA,NA,669,534,0,1,0,0,1,6,8,0,0,14
"Temple ISD",2021-02-21,14909,"8407",6499,NA,NA,317,271,NA,NA,NA,NA,NA,7,4,0,1,10
"Temple ISD",2021-02-21,14909,"8407",6499,NA,NA,634,484,5,2,0,0,7,9,11,0,0,20
"Temple ISD",2021-02-21,14909,"8407",6499,NA,NA,569,427,NA,1,NA,NA,NA,12,9,0,0,21
"Temple ISD",2021-02-21,14909,"8407",6499,NA,NA,2298,1524,NA,4,NA,NA,NA,55,38,0,1,92
"Temple ISD Total",2021-02-21,14909,"8407",6499,NA,NA,8407,6499,13,13,0,0,26,108,108,0,2,214
"Troy ISD",2021-02-21,14910,"1570",1367,NA,NA,NA,NA,NA,NA,NA,NA,NA,NA,NA,NA,NA,NA
"Troy ISD",2021-02-21,14910,"1570",1367,NA,NA,292,271,NA,NA,NA,NA,NA,7,2,0,5,4
"Troy ISD",2021-02-21,14910,"1570",1367,NA,NA,376,325,NA,NA,NA,NA,NA,10,7,0,10,7
"Troy ISD",2021-02-21,14910,"1570",1367,NA,NA,455,415,NA,NA,NA,NA,NA,10,4,0,8,6
"Troy ISD",2021-02-21,14910,"1570",1367,NA,NA,447,356,NA,NA,NA,NA,NA,27,6,1,6,26
"Troy ISD Total",2021-02-21,14910,"1570",1367,NA,NA,1570,1367,NA,NA,NA,NA,NA,54,19,1,29,43
"Por Vida Academy",2021-02-21,15801,"120",5,NA,NA,72,5,NA,NA,NA,NA,NA,NA,NA,NA,NA,NA
"Por Vida Academy",2021-02-21,15801,"120",5,NA,NA,48,0,NA,NA,NA,NA,NA,NA,NA,NA,NA,NA
"Por Vida Academy Total",2021-02-21,15801,"120",5,NA,NA,120,5,NA,NA,NA,NA,NA,NA,NA,NA,NA,NA
"George Gervin Academy",2021-02-21,15802,"867",224,NA,NA,117,17,NA,NA,NA,NA,NA,NA,NA,NA,NA,NA
"George Gervin Academy",2021-02-21,15802,"867",224,NA,NA,750,207,NA,NA,NA,NA,NA,NA,0,NA,NA,NA
"George Gervin Academy Total",2021-02-21,15802,"867",224,NA,NA,867,224,NA,NA,NA,NA,NA,NA,0,NA,NA,NA
"New Frontiers Public Schools Inc",2021-02-21,15805,"504",98,NA,NA,338,93,NA,NA,NA,NA,NA,NA,2,NA,NA,NA
"New Frontiers Public Schools Inc",2021-02-21,15805,"504",98,NA,NA,166,5,NA,NA,NA,NA,NA,0,2,0,2,0
"New Frontiers Public Schools Inc Total",2021-02-21,15805,"504",98,NA,NA,504,98,NA,NA,NA,NA,NA,NA,4,NA,NA,NA
"School Of Excellence In Education",2021-02-21,15806,"354",145,NA,NA,45,13,NA,NA,NA,NA,NA,NA,NA,NA,NA,NA
"School Of Excellence In Education",2021-02-21,15806,"354",145,NA,NA,95,41,NA,NA,NA,NA,NA,NA,NA,NA,NA,NA
"School Of Excellence In Education",2021-02-21,15806,"354",145,NA,NA,88,8,NA,NA,NA,NA,NA,NA,3,NA,NA,NA
"School Of Excellence In Education",2021-02-21,15806,"354",145,NA,NA,126,83,NA,NA,NA,NA,NA,0,1,0,1,0
"School Of Excellence In Education Total",2021-02-21,15806,"354",145,NA,NA,354,145,NA,NA,NA,NA,NA,NA,4,NA,NA,NA
"Southwest Preparatory School",2021-02-21,15807,"850",356,NA,NA,79,35,NA,NA,NA,NA,NA,NA,NA,NA,NA,NA
"Southwest Preparatory School",2021-02-21,15807,"850",356,NA,NA,176,87,NA,NA,NA,NA,NA,NA,NA,NA,NA,NA
"Southwest Preparatory School",2021-02-21,15807,"850",356,NA,NA,270,100,NA,NA,NA,NA,NA,NA,NA,NA,NA,NA
"Southwest Preparatory School",2021-02-21,15807,"850",356,NA,NA,92,11,NA,NA,NA,NA,NA,NA,NA,NA,NA,NA
"Southwest Preparatory School",2021-02-21,15807,"850",356,NA,NA,30,15,NA,NA,NA,NA,NA,NA,NA,NA,NA,NA
"Southwest Preparatory School",2021-02-21,15807,"850",356,NA,NA,203,108,NA,NA,NA,NA,NA,NA,NA,NA,NA,NA
"Southwest Preparatory School Total",2021-02-21,15807,"850",356,NA,NA,850,356,NA,NA,NA,NA,NA,NA,NA,NA,NA,NA
"Inspire Academies",2021-02-21,15808,"560",261,NA,NA,1,1,NA,NA,NA,NA,NA,NA,NA,NA,NA,NA
"Inspire Academies",2021-02-21,15808,"560",261,NA,NA,NA,NA,NA,NA,NA,NA,NA,NA,NA,NA,NA,NA
"Inspire Academies",2021-02-21,15808,"560",261,NA,NA,NA,NA,NA,NA,NA,NA,NA,NA,NA,NA,NA,NA
"Inspire Academies",2021-02-21,15808,"560",261,NA,NA,40,40,NA,NA,NA,NA,NA,NA,NA,NA,NA,NA
"Inspire Academies",2021-02-21,15808,"560",261,NA,NA,57,29,NA,NA,NA,NA,NA,NA,0,NA,NA,NA
"Inspire Academies",2021-02-21,15808,"560",261,NA,NA,20,20,NA,NA,NA,NA,NA,NA,1,NA,NA,NA
"Inspire Academies",2021-02-21,15808,"560",261,NA,NA,405,136,0,1,0,0,1,NA,5,NA,NA,NA
"Inspire Academies",2021-02-21,15808,"560",261,NA,NA,37,35,NA,NA,NA,NA,NA,5,0,0,5,0
"Inspire Academies Total",2021-02-21,15808,"560",261,NA,NA,560,261,0,1,0,0,1,10,6,0,14,2
"Bexar County Academy",2021-02-21,15809,"274",175,NA,NA,274,175,NA,NA,NA,NA,NA,NA,0,NA,NA,NA
"Bexar County Academy Total",2021-02-21,15809,"274",175,NA,NA,274,175,NA,NA,NA,NA,NA,NA,0,NA,NA,NA
"Positive Solutions Charter School",2021-02-21,15814,"119",22,NA,NA,119,22,NA,NA,NA,NA,NA,NA,8,NA,NA,NA
"Positive Solutions Charter School Total",2021-02-21,15814,"119",22,NA,NA,119,22,NA,NA,NA,NA,NA,NA,8,NA,NA,NA
"Heritage Academy",2021-02-21,15815,"627",196,NA,NA,177,21,NA,NA,NA,NA,NA,NA,NA,NA,NA,NA
"Heritage Academy",2021-02-21,15815,"627",196,NA,NA,35,16,NA,NA,NA,NA,NA,NA,NA,NA,NA,NA
"Heritage Academy",2021-02-21,15815,"627",196,NA,NA,23,12,NA,NA,NA,NA,NA,NA,NA,NA,NA,NA
"Heritage Academy",2021-02-21,15815,"627",196,NA,NA,264,63,0,2,0,2,0,NA,5,NA,NA,NA
"Heritage Academy",2021-02-21,15815,"627",196,NA,NA,128,84,NA,NA,NA,NA,NA,0,1,0,1,0
"Heritage Academy Total",2021-02-21,15815,"627",196,NA,NA,627,196,0,2,0,2,0,NA,6,NA,NA,NA
"Jubilee Academies",2021-02-21,15822,"6166",2548,NA,NA,554,336,NA,NA,NA,NA,NA,NA,NA,NA,NA,NA
"Jubilee Academies",2021-02-21,15822,"6166",2548,NA,NA,380,85,NA,NA,NA,NA,NA,NA,NA,NA,NA,NA
"Jubilee Academies",2021-02-21,15822,"6166",2548,NA,NA,449,167,NA,NA,NA,NA,NA,NA,NA,NA,NA,NA
"Jubilee Academies",2021-02-21,15822,"6166",2548,NA,NA,107,49,NA,NA,NA,NA,NA,NA,NA,NA,NA,NA
"Jubilee Academies",2021-02-21,15822,"6166",2548,NA,NA,78,61,NA,NA,NA,NA,NA,NA,NA,NA,NA,NA
"Jubilee Academies",2021-02-21,15822,"6166",2548,NA,NA,983,347,NA,NA,NA,NA,NA,NA,7,NA,NA,NA
"Jubilee Academies",2021-02-21,15822,"6166",2548,NA,NA,851,479,NA,NA,NA,NA,NA,NA,0,NA,NA,NA
"Jubilee Academies",2021-02-21,15822,"6166",2548,NA,NA,319,194,NA,NA,NA,NA,NA,NA,0,NA,NA,NA
"Jubilee Academies",2021-02-21,15822,"6166",2548,NA,NA,564,211,NA,NA,NA,NA,NA,NA,0,NA,NA,NA
"Jubilee Academies",2021-02-21,15822,"6166",2548,NA,NA,1148,280,NA,NA,NA,NA,NA,NA,1,NA,NA,NA
"Jubilee Academies",2021-02-21,15822,"6166",2548,NA,NA,189,81,NA,NA,NA,NA,NA,NA,0,NA,NA,NA
"Jubilee Academies",2021-02-21,15822,"6166",2548,NA,NA,312,117,NA,NA,NA,NA,NA,0,1,1,0,0
"Jubilee Academies",2021-02-21,15822,"6166",2548,NA,NA,232,141,NA,NA,NA,NA,NA,0,1,1,0,0
"Jubilee Academies",2021-02-21,15822,"6166",2548,NA,NA,NA,NA,NA,NA,NA,NA,NA,0,5,3,2,0
"Jubilee Academies Total",2021-02-21,15822,"6166",2548,NA,NA,6166,2548,NA,NA,NA,NA,NA,10,15,16,9,0
"Lighthouse Public Schools",2021-02-21,15825,"15",14,NA,NA,10,10,NA,NA,NA,NA,NA,NA,NA,NA,NA,NA
"Lighthouse Public Schools",2021-02-21,15825,"15",14,NA,NA,5,4,NA,NA,NA,NA,NA,NA,NA,NA,NA,NA
"Lighthouse Public Schools Total",2021-02-21,15825,"15",14,NA,NA,15,14,NA,NA,NA,NA,NA,NA,NA,NA,NA,NA
"School Of Science And Technology",2021-02-21,15827,"3277",977,NA,NA,445,52,NA,NA,NA,NA,NA,NA,NA,NA,NA,NA
"School Of Science And Technology",2021-02-21,15827,"3277",977,NA,NA,550,119,NA,NA,NA,NA,NA,NA,4,NA,NA,NA
"School Of Science And Technology",2021-02-21,15827,"3277",977,NA,NA,714,284,NA,NA,NA,NA,NA,0,4,0,3,1
"School Of Science And Technology",2021-02-21,15827,"3277",977,NA,NA,581,87,NA,NA,NA,NA,NA,0,3,0,1,2
"School Of Science And Technology",2021-02-21,15827,"3277",977,NA,NA,661,280,NA,NA,NA,NA,NA,0,4,0,2,2
"School Of Science And Technology",2021-02-21,15827,"3277",977,NA,NA,326,155,NA,NA,NA,NA,NA,0,1,0,1,0
"School Of Science And Technology Total",2021-02-21,15827,"3277",977,NA,NA,3277,977,NA,NA,NA,NA,NA,NA,16,NA,NA,NA
"Harmony Science Acad (San Antonio)",2021-02-21,15828,"4440",486,NA,NA,648,16,NA,NA,NA,NA,NA,NA,4,NA,NA,NA
"Harmony Science Acad (San Antonio)",2021-02-21,15828,"4440",486,NA,NA,475,42,NA,NA,NA,NA,NA,NA,1,NA,NA,NA
"Harmony Science Acad (San Antonio)",2021-02-21,15828,"4440",486,NA,NA,535,28,NA,NA,NA,NA,NA,NA,0,NA,NA,NA
"Harmony Science Acad (San Antonio)",2021-02-21,15828,"4440",486,NA,NA,432,134,0,1,0,1,0,NA,4,NA,NA,NA
"Harmony Science Acad (San Antonio)",2021-02-21,15828,"4440",486,NA,NA,565,4,0,3,0,3,0,NA,6,NA,NA,NA
"Harmony Science Acad (San Antonio)",2021-02-21,15828,"4440",486,NA,NA,745,70,0,2,0,2,0,0,5,0,5,0
"Harmony Science Acad (San Antonio)",2021-02-21,15828,"4440",486,NA,NA,391,141,0,1,0,1,0,0,5,0,5,0
"Harmony Science Acad (San Antonio)",2021-02-21,15828,"4440",486,NA,NA,NA,NA,NA,NA,NA,NA,NA,2,0,0,2,0
"Harmony Science Acad (San Antonio)",2021-02-21,15828,"4440",486,NA,NA,649,51,0,1,0,1,0,5,3,1,7,0
"Harmony Science Acad (San Antonio) Total",2021-02-21,15828,"4440",486,NA,NA,4440,486,0,8,0,8,0,17,28,1,44,0
"Brooks Academies Of Texas",2021-02-21,15830,"3091",907,NA,NA,257,87,NA,NA,NA,NA,NA,NA,2,NA,NA,NA
"Brooks Academies Of Texas",2021-02-21,15830,"3091",907,NA,NA,102,58,NA,0,NA,NA,NA,NA,7,NA,NA,NA
"Brooks Academies Of Texas",2021-02-21,15830,"3091",907,NA,NA,NA,NA,NA,NA,NA,NA,NA,0,1,0,0,1
"Brooks Academies Of Texas",2021-02-21,15830,"3091",907,NA,NA,1465,451,NA,1,NA,NA,NA,7,13,0,20,0
"Brooks Academies Of Texas",2021-02-21,15830,"3091",907,NA,NA,1267,311,0,1,0,1,0,10,7,0,15,2
"Brooks Academies Of Texas Total",2021-02-21,15830,"3091",907,NA,NA,3091,907,NA,2,NA,NA,NA,NA,30,NA,NA,NA
"School Of Science And Technology Discovery",2021-02-21,15831,"4808",1350,NA,NA,617,186,NA,NA,NA,NA,NA,NA,3,NA,NA,NA
"School Of Science And Technology Discovery",2021-02-21,15831,"4808",1350,NA,NA,659,178,NA,NA,NA,NA,NA,NA,3,NA,NA,NA
"School Of Science And Technology Discovery",2021-02-21,15831,"4808",1350,NA,NA,648,252,NA,NA,NA,NA,NA,NA,2,NA,NA,NA
"School Of Science And Technology Discovery",2021-02-21,15831,"4808",1350,NA,NA,859,214,NA,NA,NA,NA,NA,NA,2,NA,NA,NA
"School Of Science And Technology Discovery",2021-02-21,15831,"4808",1350,NA,NA,255,112,NA,NA,NA,NA,NA,NA,3,NA,NA,NA
"School Of Science And Technology Discovery",2021-02-21,15831,"4808",1350,NA,NA,1770,408,NA,NA,NA,NA,NA,7,5,0,5,7
"School Of Science And Technology Discovery Total",2021-02-21,15831,"4808",1350,NA,NA,4808,1350,NA,NA,NA,NA,NA,14,18,0,21,11
"Henry Ford Academy Alameda School For Art + Design",2021-02-21,15833,"102",0,NA,NA,102,0,NA,NA,NA,NA,NA,NA,NA,NA,NA,NA
"Henry Ford Academy Alameda School For Art + Design Total",2021-02-21,15833,"102",0,NA,NA,102,0,NA,NA,NA,NA,NA,NA,NA,NA,NA,NA
"Basis Texas",2021-02-21,15834,"3050",850,NA,NA,1050,224,NA,NA,NA,NA,NA,NA,NA,NA,NA,NA
"Basis Texas",2021-02-21,15834,"3050",850,NA,NA,230,70,NA,NA,NA,NA,NA,NA,NA,NA,NA,NA
"Basis Texas",2021-02-21,15834,"3050",850,NA,NA,774,221,NA,0,NA,NA,NA,NA,2,NA,NA,NA
"Basis Texas",2021-02-21,15834,"3050",850,NA,NA,759,310,0,1,0,0,1,NA,5,NA,NA,NA
"Basis Texas",2021-02-21,15834,"3050",850,NA,NA,24,7,NA,NA,NA,NA,NA,0,3,0,0,3
"Basis Texas",2021-02-21,15834,"3050",850,NA,NA,213,18,NA,NA,NA,NA,NA,0,1,0,0,1
"Basis Texas Total",2021-02-21,15834,"3050",850,NA,NA,3050,850,NA,1,NA,NA,NA,5,11,0,1,15
"Great Hearts Texas",2021-02-21,15835,"6637",4211,NA,NA,461,326,NA,NA,NA,NA,NA,NA,0,NA,NA,NA
"Great Hearts Texas",2021-02-21,15835,"6637",4211,NA,NA,817,488,NA,NA,NA,NA,NA,NA,2,NA,NA,NA
"Great Hearts Texas",2021-02-21,15835,"6637",4211,NA,NA,673,491,NA,NA,NA,NA,NA,NA,4,NA,NA,NA
"Great Hearts Texas",2021-02-21,15835,"6637",4211,NA,NA,709,572,NA,1,NA,NA,NA,NA,5,NA,NA,NA
"Great Hearts Texas",2021-02-21,15835,"6637",4211,NA,NA,738,424,0,1,0,1,0,NA,2,NA,NA,NA
"Great Hearts Texas",2021-02-21,15835,"6637",4211,NA,NA,753,270,NA,1,NA,NA,NA,5,4,0,6,3
"Great Hearts Texas",2021-02-21,15835,"6637",4211,NA,NA,490,313,NA,2,NA,NA,NA,7,4,2,6,3
"Great Hearts Texas",2021-02-21,15835,"6637",4211,NA,NA,1400,1089,5,0,0,5,0,21,7,8,10,10
"Great Hearts Texas",2021-02-21,15835,"6637",4211,NA,NA,596,238,NA,0,NA,NA,NA,24,8,8,6,18
"Great Hearts Texas Total",2021-02-21,15835,"6637",4211,NA,NA,6637,4211,10,5,0,15,0,75,36,21,46,44
"Eleanor Kolitz Hebrew Language Academy",2021-02-21,15836,"466",245,NA,NA,466,245,NA,NA,NA,NA,NA,NA,2,NA,NA,NA
"Eleanor Kolitz Hebrew Language Academy Total",2021-02-21,15836,"466",245,NA,NA,466,245,NA,NA,NA,NA,NA,NA,2,NA,NA,NA
"Compass Rose Academy",2021-02-21,15838,"1155",291,NA,NA,530,130,NA,NA,NA,NA,NA,NA,NA,NA,NA,NA
"Compass Rose Academy",2021-02-21,15838,"1155",291,NA,NA,311,50,NA,NA,NA,NA,NA,NA,NA,NA,NA,NA
"Compass Rose Academy",2021-02-21,15838,"1155",291,NA,NA,314,111,NA,NA,NA,NA,NA,NA,NA,NA,NA,NA
"Compass Rose Academy Total",2021-02-21,15838,"1155",291,NA,NA,1155,291,NA,NA,NA,NA,NA,NA,NA,NA,NA,NA
"Promesa Academy Charter School",2021-02-21,15839,"196",98,NA,NA,196,98,NA,NA,NA,NA,NA,NA,0,NA,NA,NA
"Promesa Academy Charter School Total",2021-02-21,15839,"196",98,NA,NA,196,98,NA,NA,NA,NA,NA,NA,0,NA,NA,NA
"San Antonio Preparatory Charter School",2021-02-21,15840,"216",119,NA,NA,216,119,NA,NA,NA,NA,NA,0,2,0,0,2
"San Antonio Preparatory Charter School Total",2021-02-21,15840,"216",119,NA,NA,216,119,NA,NA,NA,NA,NA,0,2,0,0,2
"The Gathering Place",2021-02-21,15841,"347",180,NA,NA,347,180,NA,NA,NA,NA,NA,NA,0,NA,NA,NA
"The Gathering Place Total",2021-02-21,15841,"347",180,NA,NA,347,180,NA,NA,NA,NA,NA,NA,0,NA,NA,NA
"Alamo Heights ISD",2021-02-21,15901,"4778",3519,NA,NA,382,294,NA,NA,NA,NA,NA,NA,0,NA,NA,NA
"Alamo Heights ISD",2021-02-21,15901,"4778",3519,NA,NA,NA,NA,NA,NA,NA,NA,NA,0,2,0,1,1
"Alamo Heights ISD",2021-02-21,15901,"4778",3519,NA,NA,NA,NA,0,2,0,2,0,0,3,0,3,0
"Alamo Heights ISD",2021-02-21,15901,"4778",3519,NA,NA,751,565,0,1,0,1,0,NA,4,NA,NA,NA
"Alamo Heights ISD",2021-02-21,15901,"4778",3519,NA,NA,1119,787,NA,1,NA,NA,NA,19,8,1,26,0
"Alamo Heights ISD",2021-02-21,15901,"4778",3519,NA,NA,857,646,0,2,0,2,0,25,9,1,33,0
"Alamo Heights ISD",2021-02-21,15901,"4778",3519,NA,NA,1669,1227,NA,1,NA,NA,NA,48,12,4,50,6
"Alamo Heights ISD Total",2021-02-21,15901,"4778",3519,NA,NA,4778,3519,17,7,0,24,0,107,38,6,132,7
"Harlandale ISD",2021-02-21,15904,"12459",1097,NA,NA,7,2,NA,NA,NA,NA,NA,NA,NA,NA,NA,NA
"Harlandale ISD",2021-02-21,15904,"12459",1097,NA,NA,6,0,NA,NA,NA,NA,NA,NA,NA,NA,NA,NA
"Harlandale ISD",2021-02-21,15904,"12459",1097,NA,NA,1,0,NA,NA,NA,NA,NA,NA,NA,NA,NA,NA
"Harlandale ISD",2021-02-21,15904,"12459",1097,NA,NA,NA,NA,NA,NA,NA,NA,NA,NA,NA,NA,NA,NA
"Harlandale ISD",2021-02-21,15904,"12459",1097,NA,NA,6,0,NA,NA,NA,NA,NA,NA,NA,NA,NA,NA
"Harlandale ISD",2021-02-21,15904,"12459",1097,NA,NA,11,0,NA,NA,NA,NA,NA,NA,NA,NA,NA,NA
"Harlandale ISD",2021-02-21,15904,"12459",1097,NA,NA,NA,NA,NA,NA,NA,NA,NA,NA,NA,NA,NA,NA
"Harlandale ISD",2021-02-21,15904,"12459",1097,NA,NA,402,0,NA,NA,NA,NA,NA,NA,3,NA,NA,NA
"Harlandale ISD",2021-02-21,15904,"12459",1097,NA,NA,604,0,NA,NA,NA,NA,NA,NA,4,NA,NA,NA
"Harlandale ISD",2021-02-21,15904,"12459",1097,NA,NA,363,0,NA,NA,NA,NA,NA,NA,1,NA,NA,NA
"Harlandale ISD",2021-02-21,15904,"12459",1097,NA,NA,393,0,NA,NA,NA,NA,NA,NA,3,NA,NA,NA
"Harlandale ISD",2021-02-21,15904,"12459",1097,NA,NA,1689,0,NA,4,NA,NA,NA,NA,11,NA,NA,NA
"Harlandale ISD",2021-02-21,15904,"12459",1097,NA,NA,395,0,NA,0,NA,NA,NA,NA,0,NA,NA,NA
"Harlandale ISD",2021-02-21,15904,"12459",1097,NA,NA,853,0,NA,1,NA,NA,NA,NA,6,NA,NA,NA
"Harlandale ISD",2021-02-21,15904,"12459",1097,NA,NA,689,0,NA,0,NA,NA,NA,NA,5,NA,NA,NA
"Harlandale ISD",2021-02-21,15904,"12459",1097,NA,NA,713,0,NA,2,NA,NA,NA,NA,5,NA,NA,NA
"Harlandale ISD",2021-02-21,15904,"12459",1097,NA,NA,498,162,NA,1,NA,NA,NA,NA,3,NA,NA,NA
"Harlandale ISD",2021-02-21,15904,"12459",1097,NA,NA,343,3,NA,0,NA,NA,NA,NA,3,NA,NA,NA
"Harlandale ISD",2021-02-21,15904,"12459",1097,NA,NA,476,1,NA,0,NA,NA,NA,NA,3,NA,NA,NA
"Harlandale ISD",2021-02-21,15904,"12459",1097,NA,NA,195,0,0,1,0,1,0,NA,1,NA,NA,NA
"Harlandale ISD",2021-02-21,15904,"12459",1097,NA,NA,612,0,0,2,0,2,0,NA,6,NA,NA,NA
"Harlandale ISD",2021-02-21,15904,"12459",1097,NA,NA,493,0,0,1,0,1,0,NA,6,NA,NA,NA
"Harlandale ISD",2021-02-21,15904,"12459",1097,NA,NA,498,0,0,1,0,1,0,NA,4,NA,NA,NA
"Harlandale ISD",2021-02-21,15904,"12459",1097,NA,NA,569,0,0,1,0,1,0,NA,6,NA,NA,NA
"Harlandale ISD",2021-02-21,15904,"12459",1097,NA,NA,368,84,0,1,0,1,0,NA,5,NA,NA,NA
"Harlandale ISD",2021-02-21,15904,"12459",1097,NA,NA,NA,NA,NA,NA,NA,NA,NA,0,1,0,1,0
"Harlandale ISD",2021-02-21,15904,"12459",1097,NA,NA,NA,NA,NA,NA,NA,NA,NA,0,2,0,2,0
"Harlandale ISD",2021-02-21,15904,"12459",1097,NA,NA,393,392,NA,NA,NA,NA,NA,0,6,0,6,0
"Harlandale ISD",2021-02-21,15904,"12459",1097,NA,NA,306,0,NA,NA,NA,NA,NA,0,2,0,2,0
"Harlandale ISD",2021-02-21,15904,"12459",1097,NA,NA,36,0,NA,NA,NA,NA,NA,0,3,0,3,0
"Harlandale ISD",2021-02-21,15904,"12459",1097,NA,NA,NA,NA,NA,NA,NA,NA,NA,0,2,0,2,0
"Harlandale ISD",2021-02-21,15904,"12459",1097,NA,NA,1540,453,NA,3,NA,NA,NA,40,12,3,38,11
"Harlandale ISD Total",2021-02-21,15904,"12459",1097,NA,NA,12459,1097,35,18,0,53,0,166,103,4,237,28
"Edgewood ISD - San Antonio",2021-02-21,15905,"7397",2247,NA,NA,NA,NA,NA,NA,NA,NA,NA,NA,NA,NA,NA,NA
"Edgewood ISD - San Antonio",2021-02-21,15905,"7397",2247,NA,NA,NA,NA,NA,NA,NA,NA,NA,NA,NA,NA,NA,NA
"Edgewood ISD - San Antonio",2021-02-21,15905,"7397",2247,NA,NA,NA,NA,NA,NA,NA,NA,NA,NA,NA,NA,NA,NA
"Edgewood ISD - San Antonio",2021-02-21,15905,"7397",2247,NA,NA,240,112,NA,NA,NA,NA,NA,NA,NA,NA,NA,NA
"Edgewood ISD - San Antonio",2021-02-21,15905,"7397",2247,NA,NA,NA,NA,NA,NA,NA,NA,NA,NA,NA,NA,NA,NA
"Edgewood ISD - San Antonio",2021-02-21,15905,"7397",2247,NA,NA,NA,NA,NA,NA,NA,NA,NA,NA,5,NA,NA,NA
"Edgewood ISD - San Antonio",2021-02-21,15905,"7397",2247,NA,NA,453,190,NA,NA,NA,NA,NA,NA,4,NA,NA,NA
"Edgewood ISD - San Antonio",2021-02-21,15905,"7397",2247,NA,NA,145,55,NA,NA,NA,NA,NA,NA,4,NA,NA,NA
"Edgewood ISD - San Antonio",2021-02-21,15905,"7397",2247,NA,NA,421,175,NA,NA,NA,NA,NA,NA,2,NA,NA,NA
"Edgewood ISD - San Antonio",2021-02-21,15905,"7397",2247,NA,NA,NA,NA,NA,NA,NA,NA,NA,NA,2,NA,NA,NA
"Edgewood ISD - San Antonio",2021-02-21,15905,"7397",2247,NA,NA,1150,121,NA,0,NA,NA,NA,NA,6,NA,NA,NA
"Edgewood ISD - San Antonio",2021-02-21,15905,"7397",2247,NA,NA,1,0,0,2,0,0,2,NA,3,NA,NA,NA
"Edgewood ISD - San Antonio",2021-02-21,15905,"7397",2247,NA,NA,698,196,0,1,0,0,1,NA,6,NA,NA,NA
"Edgewood ISD - San Antonio",2021-02-21,15905,"7397",2247,NA,NA,348,104,0,1,0,0,1,NA,6,NA,NA,NA
"Edgewood ISD - San Antonio",2021-02-21,15905,"7397",2247,NA,NA,386,158,0,3,0,0,3,NA,5,NA,NA,NA
"Edgewood ISD - San Antonio",2021-02-21,15905,"7397",2247,NA,NA,109,96,0,1,0,0,1,NA,5,NA,NA,NA
"Edgewood ISD - San Antonio",2021-02-21,15905,"7397",2247,NA,NA,499,242,0,2,0,0,2,NA,5,NA,NA,NA
"Edgewood ISD - San Antonio",2021-02-21,15905,"7397",2247,NA,NA,387,175,0,1,0,0,1,NA,3,NA,NA,NA
"Edgewood ISD - San Antonio",2021-02-21,15905,"7397",2247,NA,NA,593,141,NA,NA,NA,NA,NA,0,1,0,0,1
"Edgewood ISD - San Antonio",2021-02-21,15905,"7397",2247,NA,NA,368,148,NA,NA,NA,NA,NA,0,2,0,0,2
"Edgewood ISD - San Antonio",2021-02-21,15905,"7397",2247,NA,NA,1,0,NA,NA,NA,NA,NA,0,2,0,0,2
"Edgewood ISD - San Antonio",2021-02-21,15905,"7397",2247,NA,NA,NA,NA,NA,NA,NA,NA,NA,0,5,0,3,2
"Edgewood ISD - San Antonio",2021-02-21,15905,"7397",2247,NA,NA,255,95,0,1,0,0,1,0,4,0,0,4
"Edgewood ISD - San Antonio",2021-02-21,15905,"7397",2247,NA,NA,243,146,NA,NA,NA,NA,NA,5,17,0,0,22
"Edgewood ISD - San Antonio",2021-02-21,15905,"7397",2247,NA,NA,1100,93,NA,NA,NA,NA,NA,11,3,0,1,13
"Edgewood ISD - San Antonio Total",2021-02-21,15905,"7397",2247,NA,NA,7397,2247,NA,12,NA,NA,NA,49,90,0,10,129
"Randolph Field ISD",2021-02-21,15906,"1407",1124,NA,NA,441,359,NA,NA,NA,NA,NA,NA,NA,NA,NA,NA
"Randolph Field ISD",2021-02-21,15906,"1407",1124,NA,NA,382,281,NA,NA,NA,NA,NA,NA,NA,NA,NA,NA
"Randolph Field ISD",2021-02-21,15906,"1407",1124,NA,NA,584,484,NA,NA,NA,NA,NA,NA,NA,NA,NA,NA
"Randolph Field ISD Total",2021-02-21,15906,"1407",1124,NA,NA,1407,1124,NA,NA,NA,NA,NA,NA,NA,NA,NA,NA
"San Antonio ISD",2021-02-21,15907,"45857",13876,NA,NA,1,1,NA,NA,NA,NA,NA,NA,NA,NA,NA,NA
"San Antonio ISD",2021-02-21,15907,"45857",13876,NA,NA,269,51,NA,NA,NA,NA,NA,NA,NA,NA,NA,NA
"San Antonio ISD",2021-02-21,15907,"45857",13876,NA,NA,287,135,NA,NA,NA,NA,NA,NA,NA,NA,NA,NA
"San Antonio ISD",2021-02-21,15907,"45857",13876,NA,NA,NA,NA,NA,NA,NA,NA,NA,NA,NA,NA,NA,NA
"San Antonio ISD",2021-02-21,15907,"45857",13876,NA,NA,157,36,NA,NA,NA,NA,NA,NA,NA,NA,NA,NA
"San Antonio ISD",2021-02-21,15907,"45857",13876,NA,NA,2,1,NA,NA,NA,NA,NA,NA,NA,NA,NA,NA
"San Antonio ISD",2021-02-21,15907,"45857",13876,NA,NA,NA,NA,NA,NA,NA,NA,NA,NA,NA,NA,NA,NA
"San Antonio ISD",2021-02-21,15907,"45857",13876,NA,NA,14,11,NA,NA,NA,NA,NA,NA,NA,NA,NA,NA
"San Antonio ISD",2021-02-21,15907,"45857",13876,NA,NA,21,17,NA,NA,NA,NA,NA,NA,NA,NA,NA,NA
"San Antonio ISD",2021-02-21,15907,"45857",13876,NA,NA,73,39,NA,NA,NA,NA,NA,NA,NA,NA,NA,NA
"San Antonio ISD",2021-02-21,15907,"45857",13876,NA,NA,112,53,NA,NA,NA,NA,NA,NA,NA,NA,NA,NA
"San Antonio ISD",2021-02-21,15907,"45857",13876,NA,NA,843,313,NA,NA,NA,NA,NA,NA,6,NA,NA,NA
"San Antonio ISD",2021-02-21,15907,"45857",13876,NA,NA,430,69,NA,NA,NA,NA,NA,NA,0,NA,NA,NA
"San Antonio ISD",2021-02-21,15907,"45857",13876,NA,NA,342,53,NA,NA,NA,NA,NA,NA,0,NA,NA,NA
"San Antonio ISD",2021-02-21,15907,"45857",13876,NA,NA,964,382,NA,NA,NA,NA,NA,NA,0,NA,NA,NA
"San Antonio ISD",2021-02-21,15907,"45857",13876,NA,NA,492,179,NA,NA,NA,NA,NA,NA,0,NA,NA,NA
"San Antonio ISD",2021-02-21,15907,"45857",13876,NA,NA,182,37,NA,NA,NA,NA,NA,NA,1,NA,NA,NA
"San Antonio ISD",2021-02-21,15907,"45857",13876,NA,NA,625,138,NA,NA,NA,NA,NA,NA,3,NA,NA,NA
"San Antonio ISD",2021-02-21,15907,"45857",13876,NA,NA,864,298,NA,NA,NA,NA,NA,NA,2,NA,NA,NA
"San Antonio ISD",2021-02-21,15907,"45857",13876,NA,NA,571,92,NA,NA,NA,NA,NA,NA,4,NA,NA,NA
"San Antonio ISD",2021-02-21,15907,"45857",13876,NA,NA,405,106,NA,NA,NA,NA,NA,NA,2,NA,NA,NA
"San Antonio ISD",2021-02-21,15907,"45857",13876,NA,NA,753,188,NA,NA,NA,NA,NA,NA,3,NA,NA,NA
"San Antonio ISD",2021-02-21,15907,"45857",13876,NA,NA,567,166,NA,NA,NA,NA,NA,NA,1,NA,NA,NA
"San Antonio ISD",2021-02-21,15907,"45857",13876,NA,NA,542,174,NA,NA,NA,NA,NA,NA,4,NA,NA,NA
"San Antonio ISD",2021-02-21,15907,"45857",13876,NA,NA,333,101,NA,NA,NA,NA,NA,NA,1,NA,NA,NA
"San Antonio ISD",2021-02-21,15907,"45857",13876,NA,NA,637,131,NA,NA,NA,NA,NA,NA,0,NA,NA,NA
"San Antonio ISD",2021-02-21,15907,"45857",13876,NA,NA,414,141,NA,NA,NA,NA,NA,NA,0,NA,NA,NA
"San Antonio ISD",2021-02-21,15907,"45857",13876,NA,NA,290,126,NA,NA,NA,NA,NA,NA,0,NA,NA,NA
"San Antonio ISD",2021-02-21,15907,"45857",13876,NA,NA,435,114,NA,NA,NA,NA,NA,NA,2,NA,NA,NA
"San Antonio ISD",2021-02-21,15907,"45857",13876,NA,NA,453,136,NA,NA,NA,NA,NA,NA,5,NA,NA,NA
"San Antonio ISD",2021-02-21,15907,"45857",13876,NA,NA,328,126,NA,NA,NA,NA,NA,NA,3,NA,NA,NA
"San Antonio ISD",2021-02-21,15907,"45857",13876,NA,NA,482,180,NA,NA,NA,NA,NA,NA,3,NA,NA,NA
"San Antonio ISD",2021-02-21,15907,"45857",13876,NA,NA,213,49,NA,NA,NA,NA,NA,NA,3,NA,NA,NA
"San Antonio ISD",2021-02-21,15907,"45857",13876,NA,NA,396,114,NA,NA,NA,NA,NA,NA,5,NA,NA,NA
"San Antonio ISD",2021-02-21,15907,"45857",13876,NA,NA,661,234,NA,NA,NA,NA,NA,NA,3,NA,NA,NA
"San Antonio ISD",2021-02-21,15907,"45857",13876,NA,NA,191,124,NA,NA,NA,NA,NA,NA,4,NA,NA,NA
"San Antonio ISD",2021-02-21,15907,"45857",13876,NA,NA,366,107,NA,NA,NA,NA,NA,NA,6,NA,NA,NA
"San Antonio ISD",2021-02-21,15907,"45857",13876,NA,NA,576,172,NA,NA,NA,NA,NA,NA,7,NA,NA,NA
"San Antonio ISD",2021-02-21,15907,"45857",13876,NA,NA,434,200,NA,NA,NA,NA,NA,NA,2,NA,NA,NA
"San Antonio ISD",2021-02-21,15907,"45857",13876,NA,NA,285,68,NA,NA,NA,NA,NA,NA,2,NA,NA,NA
"San Antonio ISD",2021-02-21,15907,"45857",13876,NA,NA,802,185,NA,NA,NA,NA,NA,NA,3,NA,NA,NA
"San Antonio ISD",2021-02-21,15907,"45857",13876,NA,NA,280,84,NA,NA,NA,NA,NA,NA,3,NA,NA,NA
"San Antonio ISD",2021-02-21,15907,"45857",13876,NA,NA,202,48,NA,NA,NA,NA,NA,NA,2,NA,NA,NA
"San Antonio ISD",2021-02-21,15907,"45857",13876,NA,NA,583,196,NA,NA,NA,NA,NA,NA,7,NA,NA,NA
"San Antonio ISD",2021-02-21,15907,"45857",13876,NA,NA,335,134,NA,NA,NA,NA,NA,NA,1,NA,NA,NA
"San Antonio ISD",2021-02-21,15907,"45857",13876,NA,NA,460,155,NA,NA,NA,NA,NA,NA,2,NA,NA,NA
"San Antonio ISD",2021-02-21,15907,"45857",13876,NA,NA,439,190,NA,NA,NA,NA,NA,NA,1,NA,NA,NA
"San Antonio ISD",2021-02-21,15907,"45857",13876,NA,NA,449,140,NA,NA,NA,NA,NA,NA,1,NA,NA,NA
"San Antonio ISD",2021-02-21,15907,"45857",13876,NA,NA,397,242,NA,NA,NA,NA,NA,NA,2,NA,NA,NA
"San Antonio ISD",2021-02-21,15907,"45857",13876,NA,NA,407,148,NA,NA,NA,NA,NA,NA,1,NA,NA,NA
"San Antonio ISD",2021-02-21,15907,"45857",13876,NA,NA,723,161,NA,NA,NA,NA,NA,NA,1,NA,NA,NA
"San Antonio ISD",2021-02-21,15907,"45857",13876,NA,NA,409,176,NA,NA,NA,NA,NA,NA,1,NA,NA,NA
"San Antonio ISD",2021-02-21,15907,"45857",13876,NA,NA,525,192,NA,NA,NA,NA,NA,NA,1,NA,NA,NA
"San Antonio ISD",2021-02-21,15907,"45857",13876,NA,NA,272,98,NA,NA,NA,NA,NA,NA,4,NA,NA,NA
"San Antonio ISD",2021-02-21,15907,"45857",13876,NA,NA,469,106,NA,NA,NA,NA,NA,NA,1,NA,NA,NA
"San Antonio ISD",2021-02-21,15907,"45857",13876,NA,NA,296,115,NA,NA,NA,NA,NA,NA,0,NA,NA,NA
"San Antonio ISD",2021-02-21,15907,"45857",13876,NA,NA,398,123,NA,NA,NA,NA,NA,NA,3,NA,NA,NA
"San Antonio ISD",2021-02-21,15907,"45857",13876,NA,NA,596,169,NA,NA,NA,NA,NA,NA,3,NA,NA,NA
"San Antonio ISD",2021-02-21,15907,"45857",13876,NA,NA,383,134,NA,NA,NA,NA,NA,NA,2,NA,NA,NA
"San Antonio ISD",2021-02-21,15907,"45857",13876,NA,NA,385,135,NA,NA,NA,NA,NA,NA,1,NA,NA,NA
"San Antonio ISD",2021-02-21,15907,"45857",13876,NA,NA,675,174,NA,NA,NA,NA,NA,NA,7,NA,NA,NA
"San Antonio ISD",2021-02-21,15907,"45857",13876,NA,NA,121,3,NA,NA,NA,NA,NA,NA,0,NA,NA,NA
"San Antonio ISD",2021-02-21,15907,"45857",13876,NA,NA,480,152,NA,NA,NA,NA,NA,NA,0,NA,NA,NA
"San Antonio ISD",2021-02-21,15907,"45857",13876,NA,NA,403,139,NA,NA,NA,NA,NA,NA,8,NA,NA,NA
"San Antonio ISD",2021-02-21,15907,"45857",13876,NA,NA,182,85,NA,NA,NA,NA,NA,NA,6,NA,NA,NA
"San Antonio ISD",2021-02-21,15907,"45857",13876,NA,NA,162,78,NA,NA,NA,NA,NA,NA,4,NA,NA,NA
"San Antonio ISD",2021-02-21,15907,"45857",13876,NA,NA,156,82,NA,NA,NA,NA,NA,NA,5,NA,NA,NA
"San Antonio ISD",2021-02-21,15907,"45857",13876,NA,NA,219,77,NA,0,NA,NA,NA,NA,3,NA,NA,NA
"San Antonio ISD",2021-02-21,15907,"45857",13876,NA,NA,396,115,NA,0,NA,NA,NA,NA,1,NA,NA,NA
"San Antonio ISD",2021-02-21,15907,"45857",13876,NA,NA,410,208,NA,0,NA,NA,NA,NA,3,NA,NA,NA
"San Antonio ISD",2021-02-21,15907,"45857",13876,NA,NA,396,39,0,1,0,0,1,NA,3,NA,NA,NA
"San Antonio ISD",2021-02-21,15907,"45857",13876,NA,NA,490,95,0,1,0,0,1,NA,4,NA,NA,NA
"San Antonio ISD",2021-02-21,15907,"45857",13876,NA,NA,616,141,0,1,0,0,1,NA,2,NA,NA,NA
"San Antonio ISD",2021-02-21,15907,"45857",13876,NA,NA,799,207,NA,NA,NA,NA,NA,0,2,0,1,1
"San Antonio ISD",2021-02-21,15907,"45857",13876,NA,NA,266,76,NA,NA,NA,NA,NA,0,1,0,0,1
"San Antonio ISD",2021-02-21,15907,"45857",13876,NA,NA,450,75,NA,NA,NA,NA,NA,0,3,0,3,0
"San Antonio ISD",2021-02-21,15907,"45857",13876,NA,NA,14,12,NA,NA,NA,NA,NA,0,1,0,0,1
"San Antonio ISD",2021-02-21,15907,"45857",13876,NA,NA,117,44,NA,NA,NA,NA,NA,0,1,0,0,1
"San Antonio ISD",2021-02-21,15907,"45857",13876,NA,NA,622,178,NA,NA,NA,NA,NA,0,1,0,1,0
"San Antonio ISD",2021-02-21,15907,"45857",13876,NA,NA,484,139,NA,NA,NA,NA,NA,0,2,0,0,2
"San Antonio ISD",2021-02-21,15907,"45857",13876,NA,NA,234,93,NA,NA,NA,NA,NA,0,1,0,0,1
"San Antonio ISD",2021-02-21,15907,"45857",13876,NA,NA,332,75,NA,NA,NA,NA,NA,0,2,0,0,2
"San Antonio ISD",2021-02-21,15907,"45857",13876,NA,NA,NA,NA,NA,NA,NA,NA,NA,0,19,0,1,18
"San Antonio ISD",2021-02-21,15907,"45857",13876,NA,NA,10,1,0,1,0,0,1,0,2,0,0,2
"San Antonio ISD",2021-02-21,15907,"45857",13876,NA,NA,273,104,NA,NA,NA,NA,NA,5,1,0,1,5
"San Antonio ISD",2021-02-21,15907,"45857",13876,NA,NA,494,154,NA,NA,NA,NA,NA,5,3,0,1,7
"San Antonio ISD",2021-02-21,15907,"45857",13876,NA,NA,481,107,NA,NA,NA,NA,NA,5,3,0,2,6
"San Antonio ISD",2021-02-21,15907,"45857",13876,NA,NA,588,295,NA,1,NA,NA,NA,5,7,0,0,12
"San Antonio ISD",2021-02-21,15907,"45857",13876,NA,NA,409,128,NA,0,NA,NA,NA,5,10,0,2,13
"San Antonio ISD",2021-02-21,15907,"45857",13876,NA,NA,157,62,NA,NA,NA,NA,NA,6,0,0,1,5
"San Antonio ISD",2021-02-21,15907,"45857",13876,NA,NA,563,167,NA,NA,NA,NA,NA,6,0,0,4,2
"San Antonio ISD",2021-02-21,15907,"45857",13876,NA,NA,688,235,NA,NA,NA,NA,NA,7,6,0,5,8
"San Antonio ISD",2021-02-21,15907,"45857",13876,NA,NA,464,181,NA,NA,NA,NA,NA,7,7,0,5,9
"San Antonio ISD",2021-02-21,15907,"45857",13876,NA,NA,549,207,NA,NA,NA,NA,NA,8,7,0,4,11
"San Antonio ISD",2021-02-21,15907,"45857",13876,NA,NA,1617,630,0,1,0,0,1,8,7,0,4,11
"San Antonio ISD",2021-02-21,15907,"45857",13876,NA,NA,466,81,NA,0,NA,NA,NA,10,3,1,1,11
"San Antonio ISD",2021-02-21,15907,"45857",13876,NA,NA,1541,420,5,2,0,0,7,13,2,0,0,15
"San Antonio ISD",2021-02-21,15907,"45857",13876,NA,NA,1292,130,NA,3,NA,NA,NA,14,13,0,7,20
"San Antonio ISD",2021-02-21,15907,"45857",13876,NA,NA,1416,210,NA,0,NA,NA,NA,20,8,0,7,21
"San Antonio ISD",2021-02-21,15907,"45857",13876,NA,NA,1532,539,5,3,0,0,8,20,18,0,4,34
"San Antonio ISD",2021-02-21,15907,"45857",13876,NA,NA,1473,345,NA,1,NA,NA,NA,23,8,0,3,28
"San Antonio ISD Total",2021-02-21,15907,"45857",13876,NA,NA,45857,13876,27,15,0,1,41,334,296,6,161,463
"South San Antonio ISD",2021-02-21,15908,"8256",1953,NA,NA,NA,NA,NA,NA,NA,NA,NA,NA,NA,NA,NA,NA
"South San Antonio ISD",2021-02-21,15908,"8256",1953,NA,NA,NA,NA,NA,NA,NA,NA,NA,NA,NA,NA,NA,NA
"South San Antonio ISD",2021-02-21,15908,"8256",1953,NA,NA,211,62,NA,NA,NA,NA,NA,NA,NA,NA,NA,NA
"South San Antonio ISD",2021-02-21,15908,"8256",1953,NA,NA,562,128,NA,NA,NA,NA,NA,NA,NA,NA,NA,NA
"South San Antonio ISD",2021-02-21,15908,"8256",1953,NA,NA,409,112,NA,NA,NA,NA,NA,NA,0,NA,NA,NA
"South San Antonio ISD",2021-02-21,15908,"8256",1953,NA,NA,425,125,NA,NA,NA,NA,NA,NA,1,NA,NA,NA
"South San Antonio ISD",2021-02-21,15908,"8256",1953,NA,NA,291,71,NA,NA,NA,NA,NA,NA,0,NA,NA,NA
"South San Antonio ISD",2021-02-21,15908,"8256",1953,NA,NA,219,30,NA,NA,NA,NA,NA,NA,0,NA,NA,NA
"South San Antonio ISD",2021-02-21,15908,"8256",1953,NA,NA,192,46,NA,0,NA,NA,NA,NA,1,NA,NA,NA
"South San Antonio ISD",2021-02-21,15908,"8256",1953,NA,NA,578,109,NA,0,NA,NA,NA,NA,0,NA,NA,NA
"South San Antonio ISD",2021-02-21,15908,"8256",1953,NA,NA,441,112,NA,0,NA,NA,NA,NA,0,NA,NA,NA
"South San Antonio ISD",2021-02-21,15908,"8256",1953,NA,NA,303,66,NA,0,NA,NA,NA,NA,0,NA,NA,NA
"South San Antonio ISD",2021-02-21,15908,"8256",1953,NA,NA,NA,NA,0,17,0,0,17,0,63,0,5,58
"South San Antonio ISD",2021-02-21,15908,"8256",1953,NA,NA,391,140,NA,0,NA,NA,NA,5,1,0,3,3
"South San Antonio ISD",2021-02-21,15908,"8256",1953,NA,NA,533,144,NA,0,NA,NA,NA,6,0,0,0,6
"South San Antonio ISD",2021-02-21,15908,"8256",1953,NA,NA,560,136,NA,NA,NA,NA,NA,7,0,0,0,7
"South San Antonio ISD",2021-02-21,15908,"8256",1953,NA,NA,319,100,NA,0,NA,NA,NA,8,2,0,4,6
"South San Antonio ISD",2021-02-21,15908,"8256",1953,NA,NA,486,121,NA,NA,NA,NA,NA,9,1,0,1,9
"South San Antonio ISD",2021-02-21,15908,"8256",1953,NA,NA,2336,451,NA,0,NA,NA,NA,38,0,0,3,35
"South San Antonio ISD Total",2021-02-21,15908,"8256",1953,NA,NA,8256,1953,13,17,0,0,30,96,69,0,17,148
"Somerset ISD",2021-02-21,15909,"4024",2435,NA,NA,2,2,NA,NA,NA,NA,NA,NA,NA,NA,NA,NA
"Somerset ISD",2021-02-21,15909,"4024",2435,NA,NA,148,42,NA,0,NA,NA,NA,NA,0,NA,NA,NA
"Somerset ISD",2021-02-21,15909,"4024",2435,NA,NA,NA,NA,0,6,0,0,6,0,16,0,2,14
"Somerset ISD",2021-02-21,15909,"4024",2435,NA,NA,314,209,NA,2,NA,NA,NA,NA,3,NA,NA,NA
"Somerset ISD",2021-02-21,15909,"4024",2435,NA,NA,506,335,NA,2,NA,NA,NA,11,8,0,2,17
"Somerset ISD",2021-02-21,15909,"4024",2435,NA,NA,581,383,11,2,0,3,10,19,4,0,4,19
"Somerset ISD",2021-02-21,15909,"4024",2435,NA,NA,618,321,6,4,0,2,8,21,7,0,2,26
"Somerset ISD",2021-02-21,15909,"4024",2435,NA,NA,691,434,6,1,0,1,6,21,7,0,7,21
"Somerset ISD",2021-02-21,15909,"4024",2435,NA,NA,1164,709,13,0,0,1,12,36,3,0,7,32
"Somerset ISD Total",2021-02-21,15909,"4024",2435,NA,NA,4024,2435,44,17,0,9,52,117,48,0,27,138
"North East ISD",2021-02-21,15910,"60400",31452,NA,NA,487,170,NA,NA,NA,NA,NA,NA,NA,NA,NA,NA
"North East ISD",2021-02-21,15910,"60400",31452,NA,NA,8,0,NA,NA,NA,NA,NA,NA,NA,NA,NA,NA
"North East ISD",2021-02-21,15910,"60400",31452,NA,NA,6,2,NA,NA,NA,NA,NA,NA,NA,NA,NA,NA
"North East ISD",2021-02-21,15910,"60400",31452,NA,NA,3,1,NA,NA,NA,NA,NA,NA,NA,NA,NA,NA
"North East ISD",2021-02-21,15910,"60400",31452,NA,NA,402,249,NA,NA,NA,NA,NA,NA,NA,NA,NA,NA
"North East ISD",2021-02-21,15910,"60400",31452,NA,NA,700,352,NA,NA,NA,NA,NA,NA,NA,NA,NA,NA
"North East ISD",2021-02-21,15910,"60400",31452,NA,NA,2,0,NA,NA,NA,NA,NA,NA,NA,NA,NA,NA
"North East ISD",2021-02-21,15910,"60400",31452,NA,NA,52,33,NA,NA,NA,NA,NA,NA,NA,NA,NA,NA
"North East ISD",2021-02-21,15910,"60400",31452,NA,NA,879,430,NA,NA,NA,NA,NA,NA,2,NA,NA,NA
"North East ISD",2021-02-21,15910,"60400",31452,NA,NA,1223,564,NA,NA,NA,NA,NA,NA,2,NA,NA,NA
"North East ISD",2021-02-21,15910,"60400",31452,NA,NA,716,266,NA,NA,NA,NA,NA,NA,3,NA,NA,NA
"North East ISD",2021-02-21,15910,"60400",31452,NA,NA,1140,425,NA,NA,NA,NA,NA,NA,1,NA,NA,NA
"North East ISD",2021-02-21,15910,"60400",31452,NA,NA,824,392,NA,NA,NA,NA,NA,NA,3,NA,NA,NA
"North East ISD",2021-02-21,15910,"60400",31452,NA,NA,1186,630,NA,NA,NA,NA,NA,NA,3,NA,NA,NA
"North East ISD",2021-02-21,15910,"60400",31452,NA,NA,651,336,NA,NA,NA,NA,NA,NA,2,NA,NA,NA
"North East ISD",2021-02-21,15910,"60400",31452,NA,NA,1161,619,NA,NA,NA,NA,NA,NA,3,NA,NA,NA
"North East ISD",2021-02-21,15910,"60400",31452,NA,NA,466,272,NA,NA,NA,NA,NA,NA,0,NA,NA,NA
"North East ISD",2021-02-21,15910,"60400",31452,NA,NA,785,522,NA,NA,NA,NA,NA,NA,2,NA,NA,NA
"North East ISD",2021-02-21,15910,"60400",31452,NA,NA,591,334,NA,NA,NA,NA,NA,NA,4,NA,NA,NA
"North East ISD",2021-02-21,15910,"60400",31452,NA,NA,432,263,NA,NA,NA,NA,NA,NA,0,NA,NA,NA
"North East ISD",2021-02-21,15910,"60400",31452,NA,NA,595,355,NA,NA,NA,NA,NA,NA,4,NA,NA,NA
"North East ISD",2021-02-21,15910,"60400",31452,NA,NA,464,247,NA,NA,NA,NA,NA,NA,1,NA,NA,NA
"North East ISD",2021-02-21,15910,"60400",31452,NA,NA,596,380,NA,NA,NA,NA,NA,NA,1,NA,NA,NA
"North East ISD",2021-02-21,15910,"60400",31452,NA,NA,770,491,NA,NA,NA,NA,NA,NA,5,NA,NA,NA
"North East ISD",2021-02-21,15910,"60400",31452,NA,NA,590,405,NA,NA,NA,NA,NA,NA,3,NA,NA,NA
"North East ISD",2021-02-21,15910,"60400",31452,NA,NA,516,366,NA,NA,NA,NA,NA,NA,4,NA,NA,NA
"North East ISD",2021-02-21,15910,"60400",31452,NA,NA,597,364,NA,NA,NA,NA,NA,NA,3,NA,NA,NA
"North East ISD",2021-02-21,15910,"60400",31452,NA,NA,278,156,NA,NA,NA,NA,NA,NA,0,NA,NA,NA
"North East ISD",2021-02-21,15910,"60400",31452,NA,NA,544,317,NA,NA,NA,NA,NA,NA,2,NA,NA,NA
"North East ISD",2021-02-21,15910,"60400",31452,NA,NA,466,267,NA,NA,NA,NA,NA,NA,3,NA,NA,NA
"North East ISD",2021-02-21,15910,"60400",31452,NA,NA,330,197,NA,NA,NA,NA,NA,NA,1,NA,NA,NA
"North East ISD",2021-02-21,15910,"60400",31452,NA,NA,450,266,NA,NA,NA,NA,NA,NA,2,NA,NA,NA
"North East ISD",2021-02-21,15910,"60400",31452,NA,NA,380,242,NA,NA,NA,NA,NA,NA,3,NA,NA,NA
"North East ISD",2021-02-21,15910,"60400",31452,NA,NA,536,408,NA,NA,NA,NA,NA,NA,3,NA,NA,NA
"North East ISD",2021-02-21,15910,"60400",31452,NA,NA,554,362,NA,NA,NA,NA,NA,NA,1,NA,NA,NA
"North East ISD",2021-02-21,15910,"60400",31452,NA,NA,560,391,NA,NA,NA,NA,NA,NA,4,NA,NA,NA
"North East ISD",2021-02-21,15910,"60400",31452,NA,NA,545,353,NA,NA,NA,NA,NA,NA,2,NA,NA,NA
"North East ISD",2021-02-21,15910,"60400",31452,NA,NA,647,357,NA,NA,NA,NA,NA,NA,3,NA,NA,NA
"North East ISD",2021-02-21,15910,"60400",31452,NA,NA,381,222,NA,NA,NA,NA,NA,NA,0,NA,NA,NA
"North East ISD",2021-02-21,15910,"60400",31452,NA,NA,837,543,NA,NA,NA,NA,NA,NA,1,NA,NA,NA
"North East ISD",2021-02-21,15910,"60400",31452,NA,NA,587,372,NA,NA,NA,NA,NA,NA,1,NA,NA,NA
"North East ISD",2021-02-21,15910,"60400",31452,NA,NA,544,410,NA,NA,NA,NA,NA,NA,3,NA,NA,NA
"North East ISD",2021-02-21,15910,"60400",31452,NA,NA,609,417,NA,NA,NA,NA,NA,NA,4,NA,NA,NA
"North East ISD",2021-02-21,15910,"60400",31452,NA,NA,507,356,NA,NA,NA,NA,NA,NA,0,NA,NA,NA
"North East ISD",2021-02-21,15910,"60400",31452,NA,NA,838,438,NA,NA,NA,NA,NA,NA,0,NA,NA,NA
"North East ISD",2021-02-21,15910,"60400",31452,NA,NA,513,355,NA,NA,NA,NA,NA,NA,4,NA,NA,NA
"North East ISD",2021-02-21,15910,"60400",31452,NA,NA,893,680,NA,NA,NA,NA,NA,NA,0,NA,NA,NA
"North East ISD",2021-02-21,15910,"60400",31452,NA,NA,1009,617,NA,NA,NA,NA,NA,NA,7,NA,NA,NA
"North East ISD",2021-02-21,15910,"60400",31452,NA,NA,611,489,NA,NA,NA,NA,NA,NA,0,NA,NA,NA
"North East ISD",2021-02-21,15910,"60400",31452,NA,NA,682,460,NA,NA,NA,NA,NA,NA,1,NA,NA,NA
"North East ISD",2021-02-21,15910,"60400",31452,NA,NA,795,537,NA,NA,NA,NA,NA,NA,2,NA,NA,NA
"North East ISD",2021-02-21,15910,"60400",31452,NA,NA,159,130,NA,NA,NA,NA,NA,NA,1,NA,NA,NA
"North East ISD",2021-02-21,15910,"60400",31452,NA,NA,111,15,NA,NA,NA,NA,NA,0,1,0,0,1
"North East ISD",2021-02-21,15910,"60400",31452,NA,NA,24,11,NA,NA,NA,NA,NA,0,1,0,1,0
"North East ISD",2021-02-21,15910,"60400",31452,NA,NA,963,414,NA,NA,NA,NA,NA,0,3,0,0,3
"North East ISD",2021-02-21,15910,"60400",31452,NA,NA,353,237,NA,NA,NA,NA,NA,0,1,0,1,0
"North East ISD",2021-02-21,15910,"60400",31452,NA,NA,375,240,NA,NA,NA,NA,NA,0,3,0,1,2
"North East ISD",2021-02-21,15910,"60400",31452,NA,NA,551,327,NA,NA,NA,NA,NA,0,1,0,0,1
"North East ISD",2021-02-21,15910,"60400",31452,NA,NA,385,233,NA,NA,NA,NA,NA,0,1,0,0,1
"North East ISD",2021-02-21,15910,"60400",31452,NA,NA,506,311,NA,NA,NA,NA,NA,0,2,0,0,2
"North East ISD",2021-02-21,15910,"60400",31452,NA,NA,NA,NA,NA,NA,NA,NA,NA,0,4,0,0,4
"North East ISD",2021-02-21,15910,"60400",31452,NA,NA,967,476,NA,NA,NA,NA,NA,6,7,0,1,12
"North East ISD",2021-02-21,15910,"60400",31452,NA,NA,674,472,NA,NA,NA,NA,NA,6,3,0,3,6
"North East ISD",2021-02-21,15910,"60400",31452,NA,NA,813,528,NA,NA,NA,NA,NA,6,0,0,1,5
"North East ISD",2021-02-21,15910,"60400",31452,NA,NA,941,447,NA,NA,NA,NA,NA,7,2,0,0,9
"North East ISD",2021-02-21,15910,"60400",31452,NA,NA,1106,587,NA,NA,NA,NA,NA,7,0,0,3,4
"North East ISD",2021-02-21,15910,"60400",31452,NA,NA,530,282,NA,NA,NA,NA,NA,8,2,0,3,7
"North East ISD",2021-02-21,15910,"60400",31452,NA,NA,2656,912,NA,NA,NA,NA,NA,10,9,0,1,18
"North East ISD",2021-02-21,15910,"60400",31452,NA,NA,990,574,NA,NA,NA,NA,NA,11,4,1,1,13
"North East ISD",2021-02-21,15910,"60400",31452,NA,NA,1380,783,NA,NA,NA,NA,NA,12,1,0,3,10
"North East ISD",2021-02-21,15910,"60400",31452,NA,NA,2247,946,NA,NA,NA,NA,NA,16,9,1,3,21
"North East ISD",2021-02-21,15910,"60400",31452,NA,NA,3402,1295,NA,NA,NA,NA,NA,16,4,0,6,14
"North East ISD",2021-02-21,15910,"60400",31452,NA,NA,2443,624,NA,NA,NA,NA,NA,18,11,0,6,23
"North East ISD",2021-02-21,15910,"60400",31452,NA,NA,3186,1671,NA,NA,NA,NA,NA,27,6,0,8,25
"North East ISD",2021-02-21,15910,"60400",31452,NA,NA,2616,1098,NA,NA,NA,NA,NA,29,6,0,4,31
"North East ISD",2021-02-21,15910,"60400",31452,NA,NA,3084,1159,NA,NA,NA,NA,NA,41,5,5,12,29
"North East ISD Total",2021-02-21,15910,"60400",31452,NA,NA,60400,31452,NA,NA,NA,NA,NA,341,180,12,120,389
"East Central ISD",2021-02-21,15911,"9763",4817,NA,NA,12,1,NA,NA,NA,NA,NA,NA,NA,NA,NA,NA
"East Central ISD",2021-02-21,15911,"9763",4817,NA,NA,3,0,NA,NA,NA,NA,NA,NA,NA,NA,NA,NA
"East Central ISD",2021-02-21,15911,"9763",4817,NA,NA,NA,NA,NA,NA,NA,NA,NA,NA,NA,NA,NA,NA
"East Central ISD",2021-02-21,15911,"9763",4817,NA,NA,18,10,NA,NA,NA,NA,NA,NA,NA,NA,NA,NA
"East Central ISD",2021-02-21,15911,"9763",4817,NA,NA,551,343,NA,NA,NA,NA,NA,NA,4,NA,NA,NA
"East Central ISD",2021-02-21,15911,"9763",4817,NA,NA,629,363,NA,0,NA,NA,NA,NA,6,NA,NA,NA
"East Central ISD",2021-02-21,15911,"9763",4817,NA,NA,472,272,NA,0,NA,NA,NA,NA,3,NA,NA,NA
"East Central ISD",2021-02-21,15911,"9763",4817,NA,NA,686,448,NA,0,NA,NA,NA,NA,8,NA,NA,NA
"East Central ISD",2021-02-21,15911,"9763",4817,NA,NA,690,396,NA,2,NA,NA,NA,NA,5,NA,NA,NA
"East Central ISD",2021-02-21,15911,"9763",4817,NA,NA,16,16,0,1,0,1,0,NA,1,NA,NA,NA
"East Central ISD",2021-02-21,15911,"9763",4817,NA,NA,486,321,0,2,0,2,0,NA,4,NA,NA,NA
"East Central ISD",2021-02-21,15911,"9763",4817,NA,NA,703,474,0,2,0,2,0,NA,4,NA,NA,NA
"East Central ISD",2021-02-21,15911,"9763",4817,NA,NA,52,43,NA,NA,NA,NA,NA,0,3,0,3,0
"East Central ISD",2021-02-21,15911,"9763",4817,NA,NA,NA,NA,0,4,0,4,0,2,26,0,26,2
"East Central ISD",2021-02-21,15911,"9763",4817,NA,NA,1229,552,NA,5,NA,NA,NA,8,8,0,16,0
"East Central ISD",2021-02-21,15911,"9763",4817,NA,NA,1093,464,8,2,0,10,0,12,8,0,20,0
"East Central ISD",2021-02-21,15911,"9763",4817,NA,NA,3123,1114,13,12,0,24,1,48,32,0,73,7
"East Central ISD Total",2021-02-21,15911,"9763",4817,NA,NA,9763,4817,33,30,0,62,1,101,112,0,197,16
"Southwest ISD",2021-02-21,15912,"13458",6296,NA,NA,NA,NA,NA,NA,NA,NA,NA,NA,NA,NA,NA,NA
"Southwest ISD",2021-02-21,15912,"13458",6296,NA,NA,737,323,NA,NA,NA,NA,NA,NA,4,NA,NA,NA
"Southwest ISD",2021-02-21,15912,"13458",6296,NA,NA,438,246,NA,NA,NA,NA,NA,NA,1,NA,NA,NA
"Southwest ISD",2021-02-21,15912,"13458",6296,NA,NA,506,262,NA,NA,NA,NA,NA,NA,5,NA,NA,NA
"Southwest ISD",2021-02-21,15912,"13458",6296,NA,NA,468,293,NA,NA,NA,NA,NA,NA,1,NA,NA,NA
"Southwest ISD",2021-02-21,15912,"13458",6296,NA,NA,680,359,NA,NA,NA,NA,NA,NA,1,NA,NA,NA
"Southwest ISD",2021-02-21,15912,"13458",6296,NA,NA,524,274,NA,NA,NA,NA,NA,NA,3,NA,NA,NA
"Southwest ISD",2021-02-21,15912,"13458",6296,NA,NA,239,105,NA,2,NA,NA,NA,NA,4,NA,NA,NA
"Southwest ISD",2021-02-21,15912,"13458",6296,NA,NA,611,334,NA,0,NA,NA,NA,NA,4,NA,NA,NA
"Southwest ISD",2021-02-21,15912,"13458",6296,NA,NA,558,297,NA,0,NA,NA,NA,NA,2,NA,NA,NA
"Southwest ISD",2021-02-21,15912,"13458",6296,NA,NA,487,302,0,1,0,1,0,0,6,0,4,2
"Southwest ISD",2021-02-21,15912,"13458",6296,NA,NA,NA,NA,0,1,0,1,0,0,3,0,1,2
"Southwest ISD",2021-02-21,15912,"13458",6296,NA,NA,579,369,NA,NA,NA,NA,NA,5,6,0,7,4
"Southwest ISD",2021-02-21,15912,"13458",6296,NA,NA,817,328,NA,1,NA,NA,NA,5,10,0,14,1
"Southwest ISD",2021-02-21,15912,"13458",6296,NA,NA,677,404,NA,1,NA,NA,NA,5,1,0,4,2
"Southwest ISD",2021-02-21,15912,"13458",6296,NA,NA,757,369,NA,2,NA,NA,NA,7,4,0,7,4
"Southwest ISD",2021-02-21,15912,"13458",6296,NA,NA,474,290,NA,0,NA,NA,NA,7,5,0,8,4
"Southwest ISD",2021-02-21,15912,"13458",6296,NA,NA,2088,728,NA,NA,NA,NA,NA,8,7,0,12,3
"Southwest ISD",2021-02-21,15912,"13458",6296,NA,NA,841,364,0,3,0,1,2,10,7,0,6,11
"Southwest ISD",2021-02-21,15912,"13458",6296,NA,NA,1977,649,NA,1,NA,NA,NA,13,12,0,15,10
"Southwest ISD Total",2021-02-21,15912,"13458",6296,NA,NA,13458,6296,11,12,0,20,3,94,86,0,125,55
"Lackland ISD",2021-02-21,15913,"888",694,NA,NA,NA,NA,NA,NA,NA,NA,NA,NA,NA,NA,NA,NA
"Lackland ISD",2021-02-21,15913,"888",694,NA,NA,363,265,NA,NA,NA,NA,NA,NA,0,NA,NA,NA
"Lackland ISD",2021-02-21,15913,"888",694,NA,NA,525,429,NA,NA,NA,NA,NA,0,3,1,0,2
"Lackland ISD",2021-02-21,15913,"888",694,NA,NA,NA,NA,0,1,0,0,1,0,3,0,0,3
"Lackland ISD Total",2021-02-21,15913,"888",694,NA,NA,888,694,0,1,0,0,1,NA,6,NA,NA,NA
"Ft Sam Houston ISD",2021-02-21,15914,"1491",1138,NA,NA,690,490,NA,NA,NA,NA,NA,NA,1,NA,NA,NA
"Ft Sam Houston ISD",2021-02-21,15914,"1491",1138,NA,NA,NA,NA,NA,NA,NA,NA,NA,2,1,0,1,2
"Ft Sam Houston ISD",2021-02-21,15914,"1491",1138,NA,NA,801,648,NA,1,NA,NA,NA,7,10,0,6,11
"Ft Sam Houston ISD Total",2021-02-21,15914,"1491",1138,NA,NA,1491,1138,NA,1,NA,NA,NA,NA,12,NA,NA,NA
"Northside ISD - San Antonio",2021-02-21,15915,"103188",46081,NA,NA,70,4,NA,NA,NA,NA,NA,NA,NA,NA,NA,NA
"Northside ISD - San Antonio",2021-02-21,15915,"103188",46081,NA,NA,NA,NA,NA,NA,NA,NA,NA,NA,NA,NA,NA,NA
"Northside ISD - San Antonio",2021-02-21,15915,"103188",46081,NA,NA,5,0,NA,NA,NA,NA,NA,NA,NA,NA,NA,NA
"Northside ISD - San Antonio",2021-02-21,15915,"103188",46081,NA,NA,NA,NA,NA,NA,NA,NA,NA,NA,NA,NA,NA,NA
"Northside ISD - San Antonio",2021-02-21,15915,"103188",46081,NA,NA,2,0,NA,NA,NA,NA,NA,NA,NA,NA,NA,NA
"Northside ISD - San Antonio",2021-02-21,15915,"103188",46081,NA,NA,NA,NA,NA,NA,NA,NA,NA,NA,NA,NA,NA,NA
"Northside ISD - San Antonio",2021-02-21,15915,"103188",46081,NA,NA,NA,NA,NA,NA,NA,NA,NA,NA,NA,NA,NA,NA
"Northside ISD - San Antonio",2021-02-21,15915,"103188",46081,NA,NA,NA,NA,NA,NA,NA,NA,NA,NA,NA,NA,NA,NA
"Northside ISD - San Antonio",2021-02-21,15915,"103188",46081,NA,NA,NA,NA,NA,NA,NA,NA,NA,NA,NA,NA,NA,NA
"Northside ISD - San Antonio",2021-02-21,15915,"103188",46081,NA,NA,NA,NA,NA,NA,NA,NA,NA,NA,NA,NA,NA,NA
"Northside ISD - San Antonio",2021-02-21,15915,"103188",46081,NA,NA,278,171,NA,NA,NA,NA,NA,NA,NA,NA,NA,NA
"Northside ISD - San Antonio",2021-02-21,15915,"103188",46081,NA,NA,44,14,NA,NA,NA,NA,NA,NA,2,NA,NA,NA
"Northside ISD - San Antonio",2021-02-21,15915,"103188",46081,NA,NA,905,297,NA,NA,NA,NA,NA,NA,3,NA,NA,NA
"Northside ISD - San Antonio",2021-02-21,15915,"103188",46081,NA,NA,22,9,NA,NA,NA,NA,NA,NA,3,NA,NA,NA
"Northside ISD - San Antonio",2021-02-21,15915,"103188",46081,NA,NA,1065,459,NA,NA,NA,NA,NA,NA,9,NA,NA,NA
"Northside ISD - San Antonio",2021-02-21,15915,"103188",46081,NA,NA,424,224,NA,NA,NA,NA,NA,NA,8,NA,NA,NA
"Northside ISD - San Antonio",2021-02-21,15915,"103188",46081,NA,NA,542,296,NA,NA,NA,NA,NA,NA,2,NA,NA,NA
"Northside ISD - San Antonio",2021-02-21,15915,"103188",46081,NA,NA,501,249,NA,NA,NA,NA,NA,NA,3,NA,NA,NA
"Northside ISD - San Antonio",2021-02-21,15915,"103188",46081,NA,NA,651,353,NA,NA,NA,NA,NA,NA,4,NA,NA,NA
"Northside ISD - San Antonio",2021-02-21,15915,"103188",46081,NA,NA,304,221,NA,NA,NA,NA,NA,NA,1,NA,NA,NA
"Northside ISD - San Antonio",2021-02-21,15915,"103188",46081,NA,NA,857,301,NA,1,NA,NA,NA,NA,5,NA,NA,NA
"Northside ISD - San Antonio",2021-02-21,15915,"103188",46081,NA,NA,488,196,NA,3,NA,NA,NA,NA,8,NA,NA,NA
"Northside ISD - San Antonio",2021-02-21,15915,"103188",46081,NA,NA,531,391,NA,3,NA,NA,NA,NA,7,NA,NA,NA
"Northside ISD - San Antonio",2021-02-21,15915,"103188",46081,NA,NA,375,261,NA,1,NA,NA,NA,NA,4,NA,NA,NA
"Northside ISD - San Antonio",2021-02-21,15915,"103188",46081,NA,NA,518,270,NA,1,NA,NA,NA,NA,5,NA,NA,NA
"Northside ISD - San Antonio",2021-02-21,15915,"103188",46081,NA,NA,681,302,NA,3,NA,NA,NA,NA,8,NA,NA,NA
"Northside ISD - San Antonio",2021-02-21,15915,"103188",46081,NA,NA,522,275,NA,4,NA,NA,NA,NA,13,NA,NA,NA
"Northside ISD - San Antonio",2021-02-21,15915,"103188",46081,NA,NA,353,151,NA,3,NA,NA,NA,NA,9,NA,NA,NA
"Northside ISD - San Antonio",2021-02-21,15915,"103188",46081,NA,NA,472,232,NA,0,NA,NA,NA,NA,5,NA,NA,NA
"Northside ISD - San Antonio",2021-02-21,15915,"103188",46081,NA,NA,583,340,NA,0,NA,NA,NA,NA,5,NA,NA,NA
"Northside ISD - San Antonio",2021-02-21,15915,"103188",46081,NA,NA,515,294,NA,0,NA,NA,NA,NA,6,NA,NA,NA
"Northside ISD - San Antonio",2021-02-21,15915,"103188",46081,NA,NA,699,335,NA,5,NA,NA,NA,NA,11,NA,NA,NA
"Northside ISD - San Antonio",2021-02-21,15915,"103188",46081,NA,NA,523,291,NA,1,NA,NA,NA,NA,7,NA,NA,NA
"Northside ISD - San Antonio",2021-02-21,15915,"103188",46081,NA,NA,551,230,NA,1,NA,NA,NA,NA,7,NA,NA,NA
"Northside ISD - San Antonio",2021-02-21,15915,"103188",46081,NA,NA,400,177,NA,1,NA,NA,NA,NA,4,NA,NA,NA
"Northside ISD - San Antonio",2021-02-21,15915,"103188",46081,NA,NA,375,170,NA,0,NA,NA,NA,NA,1,NA,NA,NA
"Northside ISD - San Antonio",2021-02-21,15915,"103188",46081,NA,NA,569,269,NA,1,NA,NA,NA,NA,7,NA,NA,NA
"Northside ISD - San Antonio",2021-02-21,15915,"103188",46081,NA,NA,458,268,NA,0,NA,NA,NA,NA,6,NA,NA,NA
"Northside ISD - San Antonio",2021-02-21,15915,"103188",46081,NA,NA,571,286,NA,0,NA,NA,NA,NA,4,NA,NA,NA
"Northside ISD - San Antonio",2021-02-21,15915,"103188",46081,NA,NA,489,190,NA,4,NA,NA,NA,NA,7,NA,NA,NA
"Northside ISD - San Antonio",2021-02-21,15915,"103188",46081,NA,NA,823,393,NA,0,NA,NA,NA,NA,6,NA,NA,NA
"Northside ISD - San Antonio",2021-02-21,15915,"103188",46081,NA,NA,1027,366,0,3,0,3,0,NA,13,NA,NA,NA
"Northside ISD - San Antonio",2021-02-21,15915,"103188",46081,NA,NA,889,362,0,2,0,2,0,NA,5,NA,NA,NA
"Northside ISD - San Antonio",2021-02-21,15915,"103188",46081,NA,NA,1149,385,0,1,0,1,0,NA,11,NA,NA,NA
"Northside ISD - San Antonio",2021-02-21,15915,"103188",46081,NA,NA,617,303,0,2,0,2,0,NA,4,NA,NA,NA
"Northside ISD - San Antonio",2021-02-21,15915,"103188",46081,NA,NA,585,263,0,1,0,1,0,NA,3,NA,NA,NA
"Northside ISD - San Antonio",2021-02-21,15915,"103188",46081,NA,NA,490,217,0,2,0,0,2,NA,5,NA,NA,NA
"Northside ISD - San Antonio",2021-02-21,15915,"103188",46081,NA,NA,537,252,0,3,0,3,0,NA,3,NA,NA,NA
"Northside ISD - San Antonio",2021-02-21,15915,"103188",46081,NA,NA,486,294,0,1,0,0,1,NA,4,NA,NA,NA
"Northside ISD - San Antonio",2021-02-21,15915,"103188",46081,NA,NA,440,200,0,5,0,5,0,NA,11,NA,NA,NA
"Northside ISD - San Antonio",2021-02-21,15915,"103188",46081,NA,NA,717,325,0,4,0,3,1,NA,10,NA,NA,NA
"Northside ISD - San Antonio",2021-02-21,15915,"103188",46081,NA,NA,536,282,0,6,0,4,2,NA,12,NA,NA,NA
"Northside ISD - San Antonio",2021-02-21,15915,"103188",46081,NA,NA,634,316,0,1,0,1,0,NA,2,NA,NA,NA
"Northside ISD - San Antonio",2021-02-21,15915,"103188",46081,NA,NA,606,432,0,2,0,2,0,NA,6,NA,NA,NA
"Northside ISD - San Antonio",2021-02-21,15915,"103188",46081,NA,NA,659,335,0,1,0,0,1,NA,7,NA,NA,NA
"Northside ISD - San Antonio",2021-02-21,15915,"103188",46081,NA,NA,498,312,0,1,0,1,0,NA,3,NA,NA,NA
"Northside ISD - San Antonio",2021-02-21,15915,"103188",46081,NA,NA,654,376,0,1,0,1,0,NA,4,NA,NA,NA
"Northside ISD - San Antonio",2021-02-21,15915,"103188",46081,NA,NA,1016,587,0,2,0,2,0,NA,9,NA,NA,NA
"Northside ISD - San Antonio",2021-02-21,15915,"103188",46081,NA,NA,505,323,0,1,0,1,0,NA,7,NA,NA,NA
"Northside ISD - San Antonio",2021-02-21,15915,"103188",46081,NA,NA,573,309,0,1,0,1,0,NA,3,NA,NA,NA
"Northside ISD - San Antonio",2021-02-21,15915,"103188",46081,NA,NA,455,209,5,0,0,5,0,NA,4,NA,NA,NA
"Northside ISD - San Antonio",2021-02-21,15915,"103188",46081,NA,NA,687,348,5,1,0,6,0,NA,2,NA,NA,NA
"Northside ISD - San Antonio",2021-02-21,15915,"103188",46081,NA,NA,461,220,5,0,0,5,0,NA,0,NA,NA,NA
"Northside ISD - San Antonio",2021-02-21,15915,"103188",46081,NA,NA,438,207,6,1,0,7,0,NA,4,NA,NA,NA
"Northside ISD - San Antonio",2021-02-21,15915,"103188",46081,NA,NA,525,260,6,1,0,7,0,NA,4,NA,NA,NA
"Northside ISD - San Antonio",2021-02-21,15915,"103188",46081,NA,NA,463,264,6,1,0,6,1,NA,4,NA,NA,NA
"Northside ISD - San Antonio",2021-02-21,15915,"103188",46081,NA,NA,593,379,7,4,0,0,11,NA,7,NA,NA,NA
"Northside ISD - San Antonio",2021-02-21,15915,"103188",46081,NA,NA,566,293,NA,NA,NA,NA,NA,0,2,0,1,1
"Northside ISD - San Antonio",2021-02-21,15915,"103188",46081,NA,NA,277,132,0,1,0,0,1,0,9,0,5,4
"Northside ISD - San Antonio",2021-02-21,15915,"103188",46081,NA,NA,646,332,0,4,0,4,0,0,15,0,15,0
"Northside ISD - San Antonio",2021-02-21,15915,"103188",46081,NA,NA,NA,NA,0,1,0,1,0,0,19,0,8,11
"Northside ISD - San Antonio",2021-02-21,15915,"103188",46081,NA,NA,430,210,NA,1,NA,NA,NA,5,5,0,10,0
"Northside ISD - San Antonio",2021-02-21,15915,"103188",46081,NA,NA,415,236,NA,0,NA,NA,NA,5,7,0,12,0
"Northside ISD - San Antonio",2021-02-21,15915,"103188",46081,NA,NA,1244,495,0,1,0,1,0,5,3,0,5,3
"Northside ISD - San Antonio",2021-02-21,15915,"103188",46081,NA,NA,844,442,0,1,0,1,0,5,8,2,7,4
"Northside ISD - San Antonio",2021-02-21,15915,"103188",46081,NA,NA,460,202,5,3,0,8,0,5,7,0,12,0
"Northside ISD - San Antonio",2021-02-21,15915,"103188",46081,NA,NA,1438,576,NA,1,NA,NA,NA,6,5,0,2,9
"Northside ISD - San Antonio",2021-02-21,15915,"103188",46081,NA,NA,641,334,NA,2,NA,NA,NA,6,7,0,10,3
"Northside ISD - San Antonio",2021-02-21,15915,"103188",46081,NA,NA,665,409,NA,2,NA,NA,NA,6,5,0,10,1
"Northside ISD - San Antonio",2021-02-21,15915,"103188",46081,NA,NA,828,462,NA,2,NA,NA,NA,6,8,2,12,0
"Northside ISD - San Antonio",2021-02-21,15915,"103188",46081,NA,NA,541,315,0,3,0,2,1,6,7,0,10,3
"Northside ISD - San Antonio",2021-02-21,15915,"103188",46081,NA,NA,762,364,0,1,0,1,0,6,3,0,9,0
"Northside ISD - San Antonio",2021-02-21,15915,"103188",46081,NA,NA,909,400,NA,0,NA,NA,NA,7,3,0,10,0
"Northside ISD - San Antonio",2021-02-21,15915,"103188",46081,NA,NA,1325,617,NA,5,NA,NA,NA,7,7,2,8,4
"Northside ISD - San Antonio",2021-02-21,15915,"103188",46081,NA,NA,486,207,NA,0,NA,NA,NA,7,3,0,10,0
"Northside ISD - San Antonio",2021-02-21,15915,"103188",46081,NA,NA,488,283,NA,1,NA,NA,NA,7,3,0,7,3
"Northside ISD - San Antonio",2021-02-21,15915,"103188",46081,NA,NA,427,190,NA,0,NA,NA,NA,7,2,0,8,1
"Northside ISD - San Antonio",2021-02-21,15915,"103188",46081,NA,NA,667,279,NA,1,NA,NA,NA,7,4,0,10,1
"Northside ISD - San Antonio",2021-02-21,15915,"103188",46081,NA,NA,709,399,NA,0,NA,NA,NA,7,2,0,4,5
"Northside ISD - San Antonio",2021-02-21,15915,"103188",46081,NA,NA,1200,708,NA,1,NA,NA,NA,7,3,0,4,6
"Northside ISD - San Antonio",2021-02-21,15915,"103188",46081,NA,NA,944,530,NA,0,NA,NA,NA,8,3,0,11,0
"Northside ISD - San Antonio",2021-02-21,15915,"103188",46081,NA,NA,576,253,8,4,1,7,4,8,11,2,12,5
"Northside ISD - San Antonio",2021-02-21,15915,"103188",46081,NA,NA,627,316,NA,NA,NA,NA,NA,9,3,0,9,3
"Northside ISD - San Antonio",2021-02-21,15915,"103188",46081,NA,NA,989,404,NA,0,NA,NA,NA,9,14,1,7,15
"Northside ISD - San Antonio",2021-02-21,15915,"103188",46081,NA,NA,858,376,NA,0,NA,NA,NA,9,2,0,9,2
"Northside ISD - San Antonio",2021-02-21,15915,"103188",46081,NA,NA,1769,809,NA,1,NA,NA,NA,9,5,0,13,1
"Northside ISD - San Antonio",2021-02-21,15915,"103188",46081,NA,NA,1250,566,NA,1,NA,NA,NA,9,3,0,8,4
"Northside ISD - San Antonio",2021-02-21,15915,"103188",46081,NA,NA,461,265,NA,0,NA,NA,NA,9,5,0,13,1
"Northside ISD - San Antonio",2021-02-21,15915,"103188",46081,NA,NA,516,255,NA,3,NA,NA,NA,9,5,0,11,3
"Northside ISD - San Antonio",2021-02-21,15915,"103188",46081,NA,NA,551,243,NA,5,NA,NA,NA,9,12,0,20,1
"Northside ISD - San Antonio",2021-02-21,15915,"103188",46081,NA,NA,816,345,5,2,0,6,1,9,3,0,8,4
"Northside ISD - San Antonio",2021-02-21,15915,"103188",46081,NA,NA,717,433,5,2,0,6,1,9,4,0,11,2
"Northside ISD - San Antonio",2021-02-21,15915,"103188",46081,NA,NA,2613,941,NA,6,NA,NA,NA,10,14,0,21,3
"Northside ISD - San Antonio",2021-02-21,15915,"103188",46081,NA,NA,854,488,NA,0,NA,NA,NA,10,3,0,11,2
"Northside ISD - San Antonio",2021-02-21,15915,"103188",46081,NA,NA,635,331,NA,0,NA,NA,NA,10,4,0,9,5
"Northside ISD - San Antonio",2021-02-21,15915,"103188",46081,NA,NA,649,261,NA,1,NA,NA,NA,11,6,4,10,3
"Northside ISD - San Antonio",2021-02-21,15915,"103188",46081,NA,NA,523,253,NA,1,NA,NA,NA,11,5,0,11,5
"Northside ISD - San Antonio",2021-02-21,15915,"103188",46081,NA,NA,1592,614,5,2,0,7,0,11,10,0,16,5
"Northside ISD - San Antonio",2021-02-21,15915,"103188",46081,NA,NA,1232,420,7,2,0,9,0,11,10,1,16,4
"Northside ISD - San Antonio",2021-02-21,15915,"103188",46081,NA,NA,635,386,NA,2,NA,NA,NA,12,9,0,12,9
"Northside ISD - San Antonio",2021-02-21,15915,"103188",46081,NA,NA,484,266,NA,3,NA,NA,NA,12,6,0,8,10
"Northside ISD - San Antonio",2021-02-21,15915,"103188",46081,NA,NA,1163,384,NA,2,NA,NA,NA,13,7,0,3,17
"Northside ISD - San Antonio",2021-02-21,15915,"103188",46081,NA,NA,1409,586,7,0,0,0,7,15,4,1,3,15
"Northside ISD - San Antonio",2021-02-21,15915,"103188",46081,NA,NA,2611,1006,NA,4,NA,NA,NA,16,9,0,17,8
"Northside ISD - San Antonio",2021-02-21,15915,"103188",46081,NA,NA,1214,437,7,4,0,0,11,16,8,0,9,15
"Northside ISD - San Antonio",2021-02-21,15915,"103188",46081,NA,NA,1537,675,8,1,0,7,2,16,4,1,15,4
"Northside ISD - San Antonio",2021-02-21,15915,"103188",46081,NA,NA,1059,396,NA,0,NA,NA,NA,17,3,0,14,6
"Northside ISD - San Antonio",2021-02-21,15915,"103188",46081,NA,NA,765,350,10,4,1,12,1,21,6,1,21,5
"Northside ISD - San Antonio",2021-02-21,15915,"103188",46081,NA,NA,2599,845,NA,NA,NA,NA,NA,23,20,0,31,12
"Northside ISD - San Antonio",2021-02-21,15915,"103188",46081,NA,NA,2851,1019,NA,NA,NA,NA,NA,27,16,9,17,17
"Northside ISD - San Antonio",2021-02-21,15915,"103188",46081,NA,NA,2832,1077,9,2,0,11,0,28,24,0,35,17
"Northside ISD - San Antonio",2021-02-21,15915,"103188",46081,NA,NA,2632,971,13,1,5,7,2,34,7,5,24,12
"Northside ISD - San Antonio",2021-02-21,15915,"103188",46081,NA,NA,2870,936,10,1,0,11,0,42,10,10,40,2
"Northside ISD - San Antonio",2021-02-21,15915,"103188",46081,NA,NA,2770,968,8,6,0,14,0,53,19,0,62,10
"Northside ISD - San Antonio",2021-02-21,15915,"103188",46081,NA,NA,2925,1145,17,4,0,1,20,57,22,5,34,40
"Northside ISD - San Antonio",2021-02-21,15915,"103188",46081,NA,NA,3113,1344,20,2,0,22,0,63,15,3,72,3
"Northside ISD - San Antonio",2021-02-21,15915,"103188",46081,NA,NA,3173,1257,18,2,0,10,10,69,17,26,25,35
"Northside ISD - San Antonio Total",2021-02-21,15915,"103188",46081,NA,NA,103188,46081,323,179,8,385,109,1033,782,89,1233,493
"Judson ISD",2021-02-21,15916,"23792",9465,NA,NA,62,10,NA,NA,NA,NA,NA,NA,NA,NA,NA,NA
"Judson ISD",2021-02-21,15916,"23792",9465,NA,NA,NA,NA,NA,NA,NA,NA,NA,NA,NA,NA,NA,NA
"Judson ISD",2021-02-21,15916,"23792",9465,NA,NA,444,1,NA,NA,NA,NA,NA,NA,NA,NA,NA,NA
"Judson ISD",2021-02-21,15916,"23792",9465,NA,NA,1315,485,NA,NA,NA,NA,NA,NA,5,NA,NA,NA
"Judson ISD",2021-02-21,15916,"23792",9465,NA,NA,892,327,NA,NA,NA,NA,NA,NA,2,NA,NA,NA
"Judson ISD",2021-02-21,15916,"23792",9465,NA,NA,434,243,NA,NA,NA,NA,NA,NA,6,NA,NA,NA
"Judson ISD",2021-02-21,15916,"23792",9465,NA,NA,518,298,NA,NA,NA,NA,NA,NA,3,NA,NA,NA
"Judson ISD",2021-02-21,15916,"23792",9465,NA,NA,525,298,NA,NA,NA,NA,NA,NA,5,NA,NA,NA
"Judson ISD",2021-02-21,15916,"23792",9465,NA,NA,735,236,NA,1,NA,NA,NA,NA,3,NA,NA,NA
"Judson ISD",2021-02-21,15916,"23792",9465,NA,NA,753,419,NA,0,NA,NA,NA,NA,4,NA,NA,NA
"Judson ISD",2021-02-21,15916,"23792",9465,NA,NA,416,258,NA,1,NA,NA,NA,NA,3,NA,NA,NA
"Judson ISD",2021-02-21,15916,"23792",9465,NA,NA,636,291,NA,0,NA,NA,NA,NA,0,NA,NA,NA
"Judson ISD",2021-02-21,15916,"23792",9465,NA,NA,556,348,NA,0,NA,NA,NA,NA,2,NA,NA,NA
"Judson ISD",2021-02-21,15916,"23792",9465,NA,NA,495,266,NA,0,NA,NA,NA,NA,1,NA,NA,NA
"Judson ISD",2021-02-21,15916,"23792",9465,NA,NA,743,366,NA,0,NA,NA,NA,NA,2,NA,NA,NA
"Judson ISD",2021-02-21,15916,"23792",9465,NA,NA,647,389,NA,0,NA,NA,NA,NA,1,NA,NA,NA
"Judson ISD",2021-02-21,15916,"23792",9465,NA,NA,1312,503,0,1,0,1,0,NA,2,NA,NA,NA
"Judson ISD",2021-02-21,15916,"23792",9465,NA,NA,347,223,0,1,0,1,0,NA,2,NA,NA,NA
"Judson ISD",2021-02-21,15916,"23792",9465,NA,NA,627,337,0,1,0,1,0,NA,4,NA,NA,NA
"Judson ISD",2021-02-21,15916,"23792",9465,NA,NA,601,433,0,1,0,1,0,NA,4,NA,NA,NA
"Judson ISD",2021-02-21,15916,"23792",9465,NA,NA,627,346,0,1,0,1,0,NA,4,NA,NA,NA
"Judson ISD",2021-02-21,15916,"23792",9465,NA,NA,730,393,0,1,0,1,0,NA,2,NA,NA,NA
"Judson ISD",2021-02-21,15916,"23792",9465,NA,NA,2,0,NA,NA,NA,NA,NA,0,1,0,1,0
"Judson ISD",2021-02-21,15916,"23792",9465,NA,NA,557,316,NA,NA,NA,NA,NA,0,2,0,2,0
"Judson ISD",2021-02-21,15916,"23792",9465,NA,NA,328,171,NA,NA,NA,NA,NA,0,2,1,1,0
"Judson ISD",2021-02-21,15916,"23792",9465,NA,NA,1013,354,0,1,0,1,0,0,6,0,6,0
"Judson ISD",2021-02-21,15916,"23792",9465,NA,NA,554,274,0,1,0,1,0,0,5,0,5,0
"Judson ISD",2021-02-21,15916,"23792",9465,NA,NA,NA,NA,NA,NA,NA,NA,NA,5,4,0,9,0
"Judson ISD",2021-02-21,15916,"23792",9465,NA,NA,495,330,NA,0,NA,NA,NA,6,0,0,6,0
"Judson ISD",2021-02-21,15916,"23792",9465,NA,NA,1668,351,NA,1,NA,NA,NA,7,5,1,11,0
"Judson ISD",2021-02-21,15916,"23792",9465,NA,NA,761,420,0,1,0,1,0,7,3,5,5,0
"Judson ISD",2021-02-21,15916,"23792",9465,NA,NA,2597,84,NA,2,NA,NA,NA,12,9,4,17,0
"Judson ISD",2021-02-21,15916,"23792",9465,NA,NA,2402,695,NA,3,NA,NA,NA,17,10,0,27,0
"Judson ISD Total",2021-02-21,15916,"23792",9465,NA,NA,23792,9465,19,17,0,36,0,118,102,22,198,0
"Southside ISD",2021-02-21,15917,"4832",1651,NA,NA,1,0,NA,NA,NA,NA,NA,NA,NA,NA,NA,NA
"Southside ISD",2021-02-21,15917,"4832",1651,NA,NA,NA,NA,NA,NA,NA,NA,NA,NA,NA,NA,NA,NA
"Southside ISD",2021-02-21,15917,"4832",1651,NA,NA,523,306,NA,NA,NA,NA,NA,NA,0,NA,NA,NA
"Southside ISD",2021-02-21,15917,"4832",1651,NA,NA,18,8,NA,0,NA,NA,NA,NA,0,NA,NA,NA
"Southside ISD",2021-02-21,15917,"4832",1651,NA,NA,556,324,NA,0,NA,NA,NA,NA,0,NA,NA,NA
"Southside ISD",2021-02-21,15917,"4832",1651,NA,NA,1693,17,6,0,0,6,0,NA,0,NA,NA,NA
"Southside ISD",2021-02-21,15917,"4832",1651,NA,NA,NA,NA,0,14,0,11,3,1,85,2,45,39
"Southside ISD",2021-02-21,15917,"4832",1651,NA,NA,435,240,NA,0,NA,NA,NA,6,0,0,6,0
"Southside ISD",2021-02-21,15917,"4832",1651,NA,NA,433,173,NA,0,NA,NA,NA,7,0,0,7,0
"Southside ISD",2021-02-21,15917,"4832",1651,NA,NA,678,385,NA,0,NA,NA,NA,8,0,0,7,1
"Southside ISD",2021-02-21,15917,"4832",1651,NA,NA,495,198,13,0,0,13,0,21,0,0,19,2
"Southside ISD Total",2021-02-21,15917,"4832",1651,NA,NA,4832,1651,32,14,0,43,3,85,85,2,121,47
"Johnson City ISD",2021-02-21,16901,"615",546,NA,NA,210,176,NA,NA,NA,NA,NA,NA,1,NA,NA,NA
"Johnson City ISD",2021-02-21,16901,"615",546,NA,NA,167,150,NA,NA,NA,NA,NA,NA,0,NA,NA,NA
"Johnson City ISD",2021-02-21,16901,"615",546,NA,NA,238,220,NA,NA,NA,NA,NA,NA,5,NA,NA,NA
"Johnson City ISD Total",2021-02-21,16901,"615",546,NA,NA,615,546,NA,NA,NA,NA,NA,NA,6,NA,NA,NA
"Blanco ISD",2021-02-21,16902,"1009",996,NA,NA,355,350,NA,NA,NA,NA,NA,NA,6,NA,NA,NA
"Blanco ISD",2021-02-21,16902,"1009",996,NA,NA,406,400,NA,NA,NA,NA,NA,NA,10,NA,NA,NA
"Blanco ISD",2021-02-21,16902,"1009",996,NA,NA,NA,NA,NA,NA,NA,NA,NA,0,3,0,2,1
"Blanco ISD",2021-02-21,16902,"1009",996,NA,NA,248,246,NA,0,NA,NA,NA,10,3,1,9,3
"Blanco ISD Total",2021-02-21,16902,"1009",996,NA,NA,1009,996,NA,0,NA,NA,NA,NA,22,NA,NA,NA
"Borden County ISD",2021-02-21,17901,"231",231,NA,NA,NA,NA,NA,NA,NA,NA,NA,NA,NA,NA,NA,NA
"Borden County ISD",2021-02-21,17901,"231",231,NA,NA,231,231,NA,NA,NA,NA,NA,NA,6,NA,NA,NA
"Borden County ISD Total",2021-02-21,17901,"231",231,NA,NA,231,231,NA,NA,NA,NA,NA,NA,6,NA,NA,NA
"Clifton ISD",2021-02-21,18901,"962",866,NA,NA,NA,NA,NA,NA,NA,NA,NA,0,1,0,0,1
"Clifton ISD",2021-02-21,18901,"962",866,NA,NA,246,230,NA,NA,NA,NA,NA,8,0,0,5,3
"Clifton ISD",2021-02-21,18901,"962",866,NA,NA,434,387,NA,NA,NA,NA,NA,14,1,0,12,3
"Clifton ISD",2021-02-21,18901,"962",866,NA,NA,282,249,NA,NA,NA,NA,NA,22,4,0,13,13
"Clifton ISD Total",2021-02-21,18901,"962",866,NA,NA,962,866,NA,NA,NA,NA,NA,44,6,0,30,20
"Meridian ISD",2021-02-21,18902,"418",403,NA,NA,238,231,NA,NA,NA,NA,NA,NA,0,NA,NA,NA
"Meridian ISD",2021-02-21,18902,"418",403,NA,NA,180,172,NA,NA,NA,NA,NA,0,1,0,1,0
"Meridian ISD Total",2021-02-21,18902,"418",403,NA,NA,418,403,NA,NA,NA,NA,NA,NA,1,NA,NA,NA
"Morgan ISD",2021-02-21,18903,"134",122,NA,NA,134,122,NA,NA,NA,NA,NA,NA,3,NA,NA,NA
"Morgan ISD Total",2021-02-21,18903,"134",122,NA,NA,134,122,NA,NA,NA,NA,NA,NA,3,NA,NA,NA
"Valley Mills ISD",2021-02-21,18904,"618",546,NA,NA,NA,NA,NA,NA,NA,NA,NA,NA,NA,NA,NA,NA
"Valley Mills ISD",2021-02-21,18904,"618",546,NA,NA,NA,NA,NA,NA,NA,NA,NA,NA,NA,NA,NA,NA
"Valley Mills ISD",2021-02-21,18904,"618",546,NA,NA,175,158,NA,NA,NA,NA,NA,NA,1,NA,NA,NA
"Valley Mills ISD",2021-02-21,18904,"618",546,NA,NA,300,282,NA,NA,NA,NA,NA,NA,2,NA,NA,NA
"Valley Mills ISD",2021-02-21,18904,"618",546,NA,NA,143,106,NA,NA,NA,NA,NA,5,0,1,2,2
"Valley Mills ISD Total",2021-02-21,18904,"618",546,NA,NA,618,546,NA,NA,NA,NA,NA,NA,3,NA,NA,NA
"Walnut Springs ISD",2021-02-21,18905,"170",169,NA,NA,170,169,NA,NA,NA,NA,NA,NA,1,NA,NA,NA
"Walnut Springs ISD Total",2021-02-21,18905,"170",169,NA,NA,170,169,NA,NA,NA,NA,NA,NA,1,NA,NA,NA
"Iredell ISD",2021-02-21,18906,"144",141,NA,NA,144,141,NA,0,NA,NA,NA,5,2,0,4,3
"Iredell ISD Total",2021-02-21,18906,"144",141,NA,NA,144,141,NA,0,NA,NA,NA,5,2,0,4,3
"Kopperl ISD",2021-02-21,18907,"187",156,NA,NA,187,156,NA,NA,NA,NA,NA,NA,6,NA,NA,NA
"Kopperl ISD Total",2021-02-21,18907,"187",156,NA,NA,187,156,NA,NA,NA,NA,NA,NA,6,NA,NA,NA
"Cranfills Gap ISD",2021-02-21,18908,"129",129,NA,NA,129,129,NA,NA,NA,NA,NA,NA,3,NA,NA,NA
"Cranfills Gap ISD Total",2021-02-21,18908,"129",129,NA,NA,129,129,NA,NA,NA,NA,NA,NA,3,NA,NA,NA
"Dekalb ISD",2021-02-21,19901,"755",732,NA,NA,289,280,NA,NA,NA,NA,NA,NA,1,NA,NA,NA
"Dekalb ISD",2021-02-21,19901,"755",732,NA,NA,NA,NA,NA,NA,NA,NA,NA,0,2,0,0,2
"Dekalb ISD",2021-02-21,19901,"755",732,NA,NA,227,223,NA,NA,NA,NA,NA,10,7,0,1,16
"Dekalb ISD",2021-02-21,19901,"755",732,NA,NA,239,229,NA,NA,NA,NA,NA,13,9,1,4,17
"Dekalb ISD Total",2021-02-21,19901,"755",732,NA,NA,755,732,NA,NA,NA,NA,NA,NA,19,NA,NA,NA
"Hooks ISD",2021-02-21,19902,"846",810,NA,NA,281,275,0,2,0,2,0,NA,7,NA,NA,NA
"Hooks ISD",2021-02-21,19902,"846",810,NA,NA,259,247,NA,NA,NA,NA,NA,6,3,0,7,2
"Hooks ISD",2021-02-21,19902,"846",810,NA,NA,306,288,NA,1,NA,NA,NA,8,5,0,6,7
"Hooks ISD Total",2021-02-21,19902,"846",810,NA,NA,846,810,NA,3,NA,NA,NA,NA,15,NA,NA,NA
"Maud ISD",2021-02-21,19903,"468",429,NA,NA,468,429,NA,0,NA,NA,NA,21,12,0,6,27
"Maud ISD Total",2021-02-21,19903,"468",429,NA,NA,468,429,NA,0,NA,NA,NA,21,12,0,6,27
"New Boston ISD",2021-02-21,19905,"1173",1070,NA,NA,NA,NA,NA,NA,NA,NA,NA,NA,NA,NA,NA,NA
"New Boston ISD",2021-02-21,19905,"1173",1070,NA,NA,272,250,NA,NA,NA,NA,NA,NA,2,NA,NA,NA
"New Boston ISD",2021-02-21,19905,"1173",1070,NA,NA,573,513,NA,NA,NA,NA,NA,NA,5,NA,NA,NA
"New Boston ISD",2021-02-21,19905,"1173",1070,NA,NA,NA,NA,NA,NA,NA,NA,NA,0,8,1,3,4
"New Boston ISD",2021-02-21,19905,"1173",1070,NA,NA,328,307,NA,NA,NA,NA,NA,15,4,0,8,11
"New Boston ISD Total",2021-02-21,19905,"1173",1070,NA,NA,1173,1070,NA,NA,NA,NA,NA,NA,19,NA,NA,NA
"Redwater ISD",2021-02-21,19906,"1174",1106,NA,NA,197,187,NA,NA,NA,NA,NA,NA,1,NA,NA,NA
"Redwater ISD",2021-02-21,19906,"1174",1106,NA,NA,261,251,NA,NA,NA,NA,NA,NA,0,NA,NA,NA
"Redwater ISD",2021-02-21,19906,"1174",1106,NA,NA,347,324,NA,0,NA,NA,NA,NA,6,NA,NA,NA
"Redwater ISD",2021-02-21,19906,"1174",1106,NA,NA,NA,NA,NA,NA,NA,NA,NA,1,2,0,2,1
"Redwater ISD",2021-02-21,19906,"1174",1106,NA,NA,369,344,NA,1,NA,NA,NA,18,8,0,8,18
"Redwater ISD Total",2021-02-21,19906,"1174",1106,NA,NA,1174,1106,NA,1,NA,NA,NA,26,17,0,14,29
"Texarkana ISD",2021-02-21,19907,"7663",5368,NA,NA,910,0,NA,NA,NA,NA,NA,NA,NA,NA,NA,NA
"Texarkana ISD",2021-02-21,19907,"7663",5368,NA,NA,56,31,NA,NA,NA,NA,NA,NA,1,NA,NA,NA
"Texarkana ISD",2021-02-21,19907,"7663",5368,NA,NA,362,308,NA,NA,NA,NA,NA,NA,6,NA,NA,NA
"Texarkana ISD",2021-02-21,19907,"7663",5368,NA,NA,388,301,NA,NA,NA,NA,NA,NA,6,NA,NA,NA
"Texarkana ISD",2021-02-21,19907,"7663",5368,NA,NA,379,286,NA,3,NA,NA,NA,NA,15,NA,NA,NA
"Texarkana ISD",2021-02-21,19907,"7663",5368,NA,NA,292,264,0,1,0,0,1,NA,6,NA,NA,NA
"Texarkana ISD",2021-02-21,19907,"7663",5368,NA,NA,NA,NA,0,2,0,2,0,0,20,0,4,16
"Texarkana ISD",2021-02-21,19907,"7663",5368,NA,NA,231,173,0,1,0,1,0,5,12,1,2,14
"Texarkana ISD",2021-02-21,19907,"7663",5368,NA,NA,336,296,NA,NA,NA,NA,NA,7,3,0,0,10
"Texarkana ISD",2021-02-21,19907,"7663",5368,NA,NA,335,238,NA,1,NA,NA,NA,7,6,0,3,10
"Texarkana ISD",2021-02-21,19907,"7663",5368,NA,NA,550,456,NA,0,NA,NA,NA,11,17,0,3,25
"Texarkana ISD",2021-02-21,19907,"7663",5368,NA,NA,628,512,NA,NA,NA,NA,NA,18,14,0,2,30
"Texarkana ISD",2021-02-21,19907,"7663",5368,NA,NA,1426,1153,NA,4,NA,NA,NA,45,29,0,11,63
"Texarkana ISD",2021-02-21,19907,"7663",5368,NA,NA,1770,1350,5,0,0,3,2,59,25,0,7,77
"Texarkana ISD Total",2021-02-21,19907,"7663",5368,NA,NA,7663,5368,12,12,0,17,7,168,160,1,41,286
"Liberty-Eylau ISD",2021-02-21,19908,"2284",1665,NA,NA,347,256,0,1,0,1,0,NA,8,NA,NA,NA
"Liberty-Eylau ISD",2021-02-21,19908,"2284",1665,NA,NA,NA,NA,0,4,0,0,4,0,9,0,0,9
"Liberty-Eylau ISD",2021-02-21,19908,"2284",1665,NA,NA,643,467,NA,1,NA,NA,NA,13,13,0,6,20
"Liberty-Eylau ISD",2021-02-21,19908,"2284",1665,NA,NA,653,484,NA,1,NA,NA,NA,20,18,0,10,28
"Liberty-Eylau ISD",2021-02-21,19908,"2284",1665,NA,NA,641,458,NA,0,NA,NA,NA,21,10,1,5,25
"Liberty-Eylau ISD Total",2021-02-21,19908,"2284",1665,NA,NA,2284,1665,NA,7,NA,NA,NA,NA,58,NA,NA,NA
"Simms ISD",2021-02-21,19909,"483",472,NA,NA,117,112,NA,NA,NA,NA,NA,NA,NA,NA,NA,NA
"Simms ISD",2021-02-21,19909,"483",472,NA,NA,161,161,NA,NA,NA,NA,NA,NA,4,NA,NA,NA
"Simms ISD",2021-02-21,19909,"483",472,NA,NA,205,199,NA,NA,NA,NA,NA,NA,2,NA,NA,NA
"Simms ISD",2021-02-21,19909,"483",472,NA,NA,NA,NA,NA,NA,NA,NA,NA,1,3,0,2,2
"Simms ISD Total",2021-02-21,19909,"483",472,NA,NA,483,472,NA,NA,NA,NA,NA,NA,9,NA,NA,NA
"Malta ISD",2021-02-21,19910,"219",218,NA,NA,219,218,NA,0,NA,NA,NA,5,0,0,5,0
"Malta ISD Total",2021-02-21,19910,"219",218,NA,NA,219,218,NA,0,NA,NA,NA,5,0,0,5,0
"Red Lick ISD",2021-02-21,19911,"517",393,NA,NA,NA,NA,NA,NA,NA,NA,NA,1,0,0,1,0
"Red Lick ISD",2021-02-21,19911,"517",393,NA,NA,203,182,NA,1,NA,NA,NA,13,9,0,4,18
"Red Lick ISD",2021-02-21,19911,"517",393,NA,NA,314,211,NA,0,NA,NA,NA,19,7,0,6,20
"Red Lick ISD Total",2021-02-21,19911,"517",393,NA,NA,517,393,NA,1,NA,NA,NA,33,16,0,11,38
"Pleasant Grove ISD",2021-02-21,19912,"2230",1928,NA,NA,523,467,NA,NA,NA,NA,NA,NA,0,NA,NA,NA
"Pleasant Grove ISD",2021-02-21,19912,"2230",1928,NA,NA,NA,NA,NA,NA,NA,NA,NA,0,5,0,2,3
"Pleasant Grove ISD",2021-02-21,19912,"2230",1928,NA,NA,429,383,NA,1,NA,NA,NA,5,6,0,7,4
"Pleasant Grove ISD",2021-02-21,19912,"2230",1928,NA,NA,541,443,NA,NA,NA,NA,NA,18,7,0,16,9
"Pleasant Grove ISD",2021-02-21,19912,"2230",1928,NA,NA,737,635,NA,NA,NA,NA,NA,53,9,0,31,31
"Pleasant Grove ISD Total",2021-02-21,19912,"2230",1928,NA,NA,2230,1928,NA,1,NA,NA,NA,NA,27,NA,NA,NA
"Hubbard ISD - Dekalb",2021-02-21,19913,"77",76,NA,NA,NA,NA,NA,NA,NA,NA,NA,NA,NA,NA,NA,NA
"Hubbard ISD - Dekalb",2021-02-21,19913,"77",76,NA,NA,77,76,NA,NA,NA,NA,NA,0,1,0,1,0
"Hubbard ISD - Dekalb Total",2021-02-21,19913,"77",76,NA,NA,77,76,NA,NA,NA,NA,NA,0,1,0,1,0
"Leary ISD",2021-02-21,19914,"102",92,NA,NA,102,92,NA,NA,NA,NA,NA,NA,NA,NA,NA,NA
"Leary ISD Total",2021-02-21,19914,"102",92,NA,NA,102,92,NA,NA,NA,NA,NA,NA,NA,NA,NA,NA
"Alvin ISD",2021-02-21,20901,"26997",17048,NA,NA,NA,NA,NA,NA,NA,NA,NA,NA,NA,NA,NA,NA
"Alvin ISD",2021-02-21,20901,"26997",17048,NA,NA,111,94,NA,NA,NA,NA,NA,NA,0,NA,NA,NA
"Alvin ISD",2021-02-21,20901,"26997",17048,NA,NA,863,303,NA,NA,NA,NA,NA,NA,3,NA,NA,NA
"Alvin ISD",2021-02-21,20901,"26997",17048,NA,NA,408,332,NA,NA,NA,NA,NA,NA,1,NA,NA,NA
"Alvin ISD",2021-02-21,20901,"26997",17048,NA,NA,584,469,NA,NA,NA,NA,NA,NA,0,NA,NA,NA
"Alvin ISD",2021-02-21,20901,"26997",17048,NA,NA,676,420,NA,NA,NA,NA,NA,NA,0,NA,NA,NA
"Alvin ISD",2021-02-21,20901,"26997",17048,NA,NA,772,472,NA,NA,NA,NA,NA,NA,0,NA,NA,NA
"Alvin ISD",2021-02-21,20901,"26997",17048,NA,NA,841,373,NA,NA,NA,NA,NA,NA,3,NA,NA,NA
"Alvin ISD",2021-02-21,20901,"26997",17048,NA,NA,607,361,NA,NA,NA,NA,NA,NA,0,NA,NA,NA
"Alvin ISD",2021-02-21,20901,"26997",17048,NA,NA,691,557,NA,0,NA,NA,NA,NA,0,NA,NA,NA
"Alvin ISD",2021-02-21,20901,"26997",17048,NA,NA,483,424,NA,3,NA,NA,NA,NA,5,NA,NA,NA
"Alvin ISD",2021-02-21,20901,"26997",17048,NA,NA,707,432,NA,0,NA,NA,NA,NA,3,NA,NA,NA
"Alvin ISD",2021-02-21,20901,"26997",17048,NA,NA,722,374,NA,0,NA,NA,NA,NA,7,NA,NA,NA
"Alvin ISD",2021-02-21,20901,"26997",17048,NA,NA,685,443,NA,2,NA,NA,NA,NA,3,NA,NA,NA
"Alvin ISD",2021-02-21,20901,"26997",17048,NA,NA,564,434,0,1,0,1,0,NA,7,NA,NA,NA
"Alvin ISD",2021-02-21,20901,"26997",17048,NA,NA,676,568,0,4,0,4,0,NA,10,NA,NA,NA
"Alvin ISD",2021-02-21,20901,"26997",17048,NA,NA,1050,640,11,2,0,13,0,NA,6,NA,NA,NA
"Alvin ISD",2021-02-21,20901,"26997",17048,NA,NA,796,429,NA,NA,NA,NA,NA,0,3,0,3,0
"Alvin ISD",2021-02-21,20901,"26997",17048,NA,NA,644,550,0,3,0,3,0,0,10,0,10,0
"Alvin ISD",2021-02-21,20901,"26997",17048,NA,NA,NA,NA,NA,NA,NA,NA,NA,1,3,0,4,0
"Alvin ISD",2021-02-21,20901,"26997",17048,NA,NA,634,510,0,1,0,1,0,5,4,0,9,0
"Alvin ISD",2021-02-21,20901,"26997",17048,NA,NA,633,526,5,0,0,5,0,6,1,0,7,0
"Alvin ISD",2021-02-21,20901,"26997",17048,NA,NA,569,421,NA,0,NA,NA,NA,9,6,0,15,0
"Alvin ISD",2021-02-21,20901,"26997",17048,NA,NA,1048,533,NA,2,NA,NA,NA,10,5,0,15,0
"Alvin ISD",2021-02-21,20901,"26997",17048,NA,NA,811,670,0,1,0,1,0,10,3,0,13,0
"Alvin ISD",2021-02-21,20901,"26997",17048,NA,NA,1058,483,0,2,0,2,0,11,4,0,15,0
"Alvin ISD",2021-02-21,20901,"26997",17048,NA,NA,730,438,NA,2,NA,NA,NA,13,2,0,15,0
"Alvin ISD",2021-02-21,20901,"26997",17048,NA,NA,823,578,6,1,0,7,0,13,10,0,23,0
"Alvin ISD",2021-02-21,20901,"26997",17048,NA,NA,817,559,NA,1,NA,NA,NA,20,10,0,30,0
"Alvin ISD",2021-02-21,20901,"26997",17048,NA,NA,2563,1497,9,2,0,11,0,30,10,0,40,0
"Alvin ISD",2021-02-21,20901,"26997",17048,NA,NA,2532,1119,7,1,0,8,0,33,9,0,42,0
"Alvin ISD",2021-02-21,20901,"26997",17048,NA,NA,2899,2039,22,2,0,24,0,104,29,1,132,0
"Alvin ISD Total",2021-02-21,20901,"26997",17048,NA,NA,26997,17048,75,30,1,104,0,327,157,2,482,0
"Angleton ISD",2021-02-21,20902,"6853",5167,NA,NA,4,4,NA,NA,NA,NA,NA,NA,NA,NA,NA,NA
"Angleton ISD",2021-02-21,20902,"6853",5167,NA,NA,29,29,NA,NA,NA,NA,NA,NA,NA,NA,NA,NA
"Angleton ISD",2021-02-21,20902,"6853",5167,NA,NA,346,262,NA,NA,NA,NA,NA,NA,2,NA,NA,NA
"Angleton ISD",2021-02-21,20902,"6853",5167,NA,NA,370,319,NA,NA,NA,NA,NA,NA,0,NA,NA,NA
"Angleton ISD",2021-02-21,20902,"6853",5167,NA,NA,445,378,NA,NA,NA,NA,NA,NA,3,NA,NA,NA
"Angleton ISD",2021-02-21,20902,"6853",5167,NA,NA,448,363,NA,1,NA,NA,NA,NA,2,NA,NA,NA
"Angleton ISD",2021-02-21,20902,"6853",5167,NA,NA,11,11,NA,NA,NA,NA,NA,0,2,1,1,0
"Angleton ISD",2021-02-21,20902,"6853",5167,NA,NA,NA,NA,NA,NA,NA,NA,NA,0,3,2,1,0
"Angleton ISD",2021-02-21,20902,"6853",5167,NA,NA,1122,873,0,2,0,2,0,6,12,2,16,0
"Angleton ISD",2021-02-21,20902,"6853",5167,NA,NA,482,393,NA,0,NA,NA,NA,8,1,0,9,0
"Angleton ISD",2021-02-21,20902,"6853",5167,NA,NA,1995,1357,NA,0,NA,NA,NA,20,6,4,22,0
"Angleton ISD",2021-02-21,20902,"6853",5167,NA,NA,1601,1178,5,0,0,5,0,21,2,7,16,0
"Angleton ISD Total",2021-02-21,20902,"6853",5167,NA,NA,6853,5167,NA,3,NA,NA,NA,65,33,19,79,0
"Danbury ISD",2021-02-21,20904,"756",701,NA,NA,NA,NA,NA,NA,NA,NA,NA,NA,NA,NA,NA,NA
"Danbury ISD",2021-02-21,20904,"756",701,NA,NA,194,184,NA,NA,NA,NA,NA,NA,6,NA,NA,NA
"Danbury ISD",2021-02-21,20904,"756",701,NA,NA,293,284,NA,NA,NA,NA,NA,NA,0,NA,NA,NA
"Danbury ISD",2021-02-21,20904,"756",701,NA,NA,NA,NA,NA,NA,NA,NA,NA,1,8,2,7,0
"Danbury ISD",2021-02-21,20904,"756",701,NA,NA,269,233,NA,NA,NA,NA,NA,5,0,0,5,0
"Danbury ISD Total",2021-02-21,20904,"756",701,NA,NA,756,701,NA,NA,NA,NA,NA,NA,14,NA,NA,NA
"Brazosport ISD",2021-02-21,20905,"11471",8732,NA,NA,NA,NA,NA,NA,NA,NA,NA,NA,NA,NA,NA,NA
"Brazosport ISD",2021-02-21,20905,"11471",8732,NA,NA,117,67,NA,NA,NA,NA,NA,NA,NA,NA,NA,NA
"Brazosport ISD",2021-02-21,20905,"11471",8732,NA,NA,131,123,NA,NA,NA,NA,NA,NA,NA,NA,NA,NA
"Brazosport ISD",2021-02-21,20905,"11471",8732,NA,NA,582,483,NA,NA,NA,NA,NA,NA,0,NA,NA,NA
"Brazosport ISD",2021-02-21,20905,"11471",8732,NA,NA,265,234,NA,0,NA,NA,NA,NA,1,NA,NA,NA
"Brazosport ISD",2021-02-21,20905,"11471",8732,NA,NA,567,490,NA,0,NA,NA,NA,NA,0,NA,NA,NA
"Brazosport ISD",2021-02-21,20905,"11471",8732,NA,NA,518,390,NA,0,NA,NA,NA,NA,0,NA,NA,NA
"Brazosport ISD",2021-02-21,20905,"11471",8732,NA,NA,361,266,NA,0,NA,NA,NA,NA,0,NA,NA,NA
"Brazosport ISD",2021-02-21,20905,"11471",8732,NA,NA,475,383,5,0,0,4,1,NA,0,NA,NA,NA
"Brazosport ISD",2021-02-21,20905,"11471",8732,NA,NA,43,36,NA,NA,NA,NA,NA,0,1,0,1,0
"Brazosport ISD",2021-02-21,20905,"11471",8732,NA,NA,NA,NA,NA,NA,NA,NA,NA,3,6,0,9,0
"Brazosport ISD",2021-02-21,20905,"11471",8732,NA,NA,459,347,NA,0,NA,NA,NA,5,2,0,6,1
"Brazosport ISD",2021-02-21,20905,"11471",8732,NA,NA,857,695,NA,0,NA,NA,NA,6,0,0,4,2
"Brazosport ISD",2021-02-21,20905,"11471",8732,NA,NA,644,588,NA,0,NA,NA,NA,7,0,0,4,3
"Brazosport ISD",2021-02-21,20905,"11471",8732,NA,NA,384,313,NA,0,NA,NA,NA,8,1,0,7,2
"Brazosport ISD",2021-02-21,20905,"11471",8732,NA,NA,461,331,NA,0,NA,NA,NA,9,1,2,7,1
"Brazosport ISD",2021-02-21,20905,"11471",8732,NA,NA,833,604,NA,0,NA,NA,NA,10,0,0,8,2
"Brazosport ISD",2021-02-21,20905,"11471",8732,NA,NA,515,463,NA,0,NA,NA,NA,14,0,0,14,0
"Brazosport ISD",2021-02-21,20905,"11471",8732,NA,NA,943,712,NA,0,NA,NA,NA,16,2,1,16,1
"Brazosport ISD",2021-02-21,20905,"11471",8732,NA,NA,844,650,5,0,0,2,3,24,3,0,9,18
"Brazosport ISD",2021-02-21,20905,"11471",8732,NA,NA,2472,1557,12,0,0,9,3,58,3,1,36,24
"Brazosport ISD Total",2021-02-21,20905,"11471",8732,NA,NA,11471,8732,53,0,0,42,11,183,20,4,142,57
"Sweeny ISD",2021-02-21,20906,"1018",727,NA,NA,NA,NA,NA,NA,NA,NA,NA,NA,NA,NA,NA,NA
"Sweeny ISD",2021-02-21,20906,"1018",727,NA,NA,NA,NA,NA,NA,NA,NA,NA,NA,1,NA,NA,NA
"Sweeny ISD",2021-02-21,20906,"1018",727,NA,NA,NA,NA,NA,NA,NA,NA,NA,0,5,0,5,0
"Sweeny ISD",2021-02-21,20906,"1018",727,NA,NA,456,385,NA,NA,NA,NA,NA,17,4,0,5,16
"Sweeny ISD",2021-02-21,20906,"1018",727,NA,NA,562,342,NA,NA,NA,NA,NA,20,9,0,14,15
"Sweeny ISD Total",2021-02-21,20906,"1018",727,NA,NA,1018,727,NA,NA,NA,NA,NA,NA,19,NA,NA,NA
"Columbia-Brazoria ISD",2021-02-21,20907,"2874",2211,NA,NA,NA,NA,NA,NA,NA,NA,NA,NA,NA,NA,NA,NA
"Columbia-Brazoria ISD",2021-02-21,20907,"2874",2211,NA,NA,259,221,0,2,0,2,0,NA,7,NA,NA,NA
"Columbia-Brazoria ISD",2021-02-21,20907,"2874",2211,NA,NA,516,379,NA,0,NA,NA,NA,NA,6,NA,NA,NA
"Columbia-Brazoria ISD",2021-02-21,20907,"2874",2211,NA,NA,777,692,NA,3,NA,NA,NA,15,8,2,13,8
"Columbia-Brazoria ISD",2021-02-21,20907,"2874",2211,NA,NA,853,553,NA,0,NA,NA,NA,21,7,6,18,4
"Columbia-Brazoria ISD",2021-02-21,20907,"2874",2211,NA,NA,469,366,NA,NA,NA,NA,NA,24,11,1,9,25
"Columbia-Brazoria ISD Total",2021-02-21,20907,"2874",2211,NA,NA,2874,2211,NA,5,NA,NA,NA,69,39,9,59,40
"Pearland ISD",2021-02-21,20908,"21083",10902,NA,NA,3,1,NA,NA,NA,NA,NA,NA,NA,NA,NA,NA
"Pearland ISD",2021-02-21,20908,"21083",10902,NA,NA,NA,NA,NA,NA,NA,NA,NA,NA,2,NA,NA,NA
"Pearland ISD",2021-02-21,20908,"21083",10902,NA,NA,586,481,NA,NA,NA,NA,NA,NA,1,NA,NA,NA
"Pearland ISD",2021-02-21,20908,"21083",10902,NA,NA,573,330,NA,NA,NA,NA,NA,NA,2,NA,NA,NA
"Pearland ISD",2021-02-21,20908,"21083",10902,NA,NA,631,248,NA,NA,NA,NA,NA,NA,6,NA,NA,NA
"Pearland ISD",2021-02-21,20908,"21083",10902,NA,NA,744,330,NA,NA,NA,NA,NA,NA,1,NA,NA,NA
"Pearland ISD",2021-02-21,20908,"21083",10902,NA,NA,894,416,NA,0,NA,NA,NA,NA,3,NA,NA,NA
"Pearland ISD",2021-02-21,20908,"21083",10902,NA,NA,886,429,NA,2,NA,NA,NA,NA,6,NA,NA,NA
"Pearland ISD",2021-02-21,20908,"21083",10902,NA,NA,772,458,NA,1,NA,NA,NA,NA,4,NA,NA,NA
"Pearland ISD",2021-02-21,20908,"21083",10902,NA,NA,658,246,0,1,0,0,1,NA,3,NA,NA,NA
"Pearland ISD",2021-02-21,20908,"21083",10902,NA,NA,646,294,0,2,0,0,2,NA,4,NA,NA,NA
"Pearland ISD",2021-02-21,20908,"21083",10902,NA,NA,855,551,0,1,0,0,1,NA,6,NA,NA,NA
"Pearland ISD",2021-02-21,20908,"21083",10902,NA,NA,NA,NA,NA,NA,NA,NA,NA,2,3,0,2,3
"Pearland ISD",2021-02-21,20908,"21083",10902,NA,NA,684,317,NA,NA,NA,NA,NA,5,4,0,1,8
"Pearland ISD",2021-02-21,20908,"21083",10902,NA,NA,868,506,NA,0,NA,NA,NA,6,3,0,0,9
"Pearland ISD",2021-02-21,20908,"21083",10902,NA,NA,697,387,NA,0,NA,NA,NA,7,1,0,5,3
"Pearland ISD",2021-02-21,20908,"21083",10902,NA,NA,617,431,0,1,0,0,1,7,1,0,0,8
"Pearland ISD",2021-02-21,20908,"21083",10902,NA,NA,795,398,NA,0,NA,NA,NA,8,8,0,2,14
"Pearland ISD",2021-02-21,20908,"21083",10902,NA,NA,653,460,NA,NA,NA,NA,NA,9,6,0,3,12
"Pearland ISD",2021-02-21,20908,"21083",10902,NA,NA,875,442,NA,NA,NA,NA,NA,10,4,0,2,12
"Pearland ISD",2021-02-21,20908,"21083",10902,NA,NA,817,359,NA,NA,NA,NA,NA,10,2,0,3,9
"Pearland ISD",2021-02-21,20908,"21083",10902,NA,NA,936,425,NA,NA,NA,NA,NA,11,8,0,4,15
"Pearland ISD",2021-02-21,20908,"21083",10902,NA,NA,1191,489,NA,0,NA,NA,NA,16,2,0,1,17
"Pearland ISD",2021-02-21,20908,"21083",10902,NA,NA,2568,1085,NA,NA,NA,NA,NA,21,5,1,2,23
"Pearland ISD",2021-02-21,20908,"21083",10902,NA,NA,3134,1819,10,1,0,0,11,90,11,11,3,87
"Pearland ISD Total",2021-02-21,20908,"21083",10902,NA,NA,21083,10902,19,9,0,0,28,244,96,13,44,283
"Damon ISD",2021-02-21,20910,"109",95,NA,NA,NA,NA,NA,NA,NA,NA,NA,NA,NA,NA,NA,NA
"Damon ISD",2021-02-21,20910,"109",95,NA,NA,109,95,NA,NA,NA,NA,NA,NA,NA,NA,NA,NA
"Damon ISD Total",2021-02-21,20910,"109",95,NA,NA,109,95,NA,NA,NA,NA,NA,NA,NA,NA,NA,NA
"Brazos School For Inquiry & Creativity",2021-02-21,21803,"326",326,NA,NA,178,178,NA,NA,NA,NA,NA,NA,NA,NA,NA,NA
"Brazos School For Inquiry & Creativity",2021-02-21,21803,"326",326,NA,NA,148,148,NA,NA,NA,NA,NA,NA,2,NA,NA,NA
"Brazos School For Inquiry & Creativity Total",2021-02-21,21803,"326",326,NA,NA,326,326,NA,NA,NA,NA,NA,NA,2,NA,NA,NA
"Arrow Academy",2021-02-21,21805,"686",438,NA,NA,202,133,NA,NA,NA,NA,NA,NA,NA,NA,NA,NA
"Arrow Academy",2021-02-21,21805,"686",438,NA,NA,89,54,NA,NA,NA,NA,NA,NA,NA,NA,NA,NA
"Arrow Academy",2021-02-21,21805,"686",438,NA,NA,107,96,NA,NA,NA,NA,NA,NA,0,NA,NA,NA
"Arrow Academy",2021-02-21,21805,"686",438,NA,NA,288,155,0,1,0,1,0,NA,2,NA,NA,NA
"Arrow Academy Total",2021-02-21,21805,"686",438,NA,NA,686,438,0,1,0,1,0,NA,2,NA,NA,NA
"College Station ISD",2021-02-21,21901,"13669",11041,NA,NA,1,0,NA,NA,NA,NA,NA,NA,NA,NA,NA,NA
"College Station ISD",2021-02-21,21901,"13669",11041,NA,NA,76,64,NA,NA,NA,NA,NA,NA,4,NA,NA,NA
"College Station ISD",2021-02-21,21901,"13669",11041,NA,NA,601,483,NA,NA,NA,NA,NA,NA,7,NA,NA,NA
"College Station ISD",2021-02-21,21901,"13669",11041,NA,NA,471,414,NA,NA,NA,NA,NA,0,6,0,0,6
"College Station ISD",2021-02-21,21901,"13669",11041,NA,NA,NA,NA,0,5,0,0,5,0,17,0,0,17
"College Station ISD",2021-02-21,21901,"13669",11041,NA,NA,583,487,NA,0,NA,NA,NA,6,3,0,0,9
"College Station ISD",2021-02-21,21901,"13669",11041,NA,NA,579,450,NA,1,NA,NA,NA,8,4,0,0,12
"College Station ISD",2021-02-21,21901,"13669",11041,NA,NA,470,391,NA,NA,NA,NA,NA,10,6,0,0,16
"College Station ISD",2021-02-21,21901,"13669",11041,NA,NA,579,445,NA,NA,NA,NA,NA,11,7,0,0,18
"College Station ISD",2021-02-21,21901,"13669",11041,NA,NA,764,646,NA,NA,NA,NA,NA,11,4,0,0,15
"College Station ISD",2021-02-21,21901,"13669",11041,NA,NA,517,464,NA,NA,NA,NA,NA,12,7,0,0,19
"College Station ISD",2021-02-21,21901,"13669",11041,NA,NA,642,519,NA,0,NA,NA,NA,12,11,0,0,23
"College Station ISD",2021-02-21,21901,"13669",11041,NA,NA,517,445,NA,NA,NA,NA,NA,13,7,0,0,20
"College Station ISD",2021-02-21,21901,"13669",11041,NA,NA,595,480,NA,0,NA,NA,NA,17,8,0,0,25
"College Station ISD",2021-02-21,21901,"13669",11041,NA,NA,437,352,0,1,0,0,1,18,6,0,3,21
"College Station ISD",2021-02-21,21901,"13669",11041,NA,NA,798,639,NA,0,NA,NA,NA,21,4,0,0,25
"College Station ISD",2021-02-21,21901,"13669",11041,NA,NA,715,584,NA,0,NA,NA,NA,21,5,0,0,26
"College Station ISD",2021-02-21,21901,"13669",11041,NA,NA,666,515,NA,0,NA,NA,NA,24,10,0,0,34
"College Station ISD",2021-02-21,21901,"13669",11041,NA,NA,690,561,NA,0,NA,NA,NA,25,12,0,0,37
"College Station ISD",2021-02-21,21901,"13669",11041,NA,NA,2070,1603,NA,0,NA,NA,NA,53,10,0,0,63
"College Station ISD",2021-02-21,21901,"13669",11041,NA,NA,1898,1499,8,2,0,0,10,118,20,0,0,138
"College Station ISD Total",2021-02-21,21901,"13669",11041,NA,NA,13669,11041,25,9,0,0,34,390,158,0,3,545
"Bryan ISD",2021-02-21,21902,"15866",11463,NA,NA,4,0,NA,NA,NA,NA,NA,NA,NA,NA,NA,NA
"Bryan ISD",2021-02-21,21902,"15866",11463,NA,NA,191,68,NA,NA,NA,NA,NA,NA,4,NA,NA,NA
"Bryan ISD",2021-02-21,21902,"15866",11463,NA,NA,541,436,NA,NA,NA,NA,NA,NA,7,NA,NA,NA
"Bryan ISD",2021-02-21,21902,"15866",11463,NA,NA,401,320,NA,NA,NA,NA,NA,NA,3,NA,NA,NA
"Bryan ISD",2021-02-21,21902,"15866",11463,NA,NA,511,445,NA,NA,NA,NA,NA,NA,2,NA,NA,NA
"Bryan ISD",2021-02-21,21902,"15866",11463,NA,NA,393,357,NA,NA,NA,NA,NA,NA,4,NA,NA,NA
"Bryan ISD",2021-02-21,21902,"15866",11463,NA,NA,370,305,NA,0,NA,NA,NA,NA,2,NA,NA,NA
"Bryan ISD",2021-02-21,21902,"15866",11463,NA,NA,333,286,0,1,0,0,1,NA,7,NA,NA,NA
"Bryan ISD",2021-02-21,21902,"15866",11463,NA,NA,22,17,NA,NA,NA,NA,NA,0,1,0,0,1
"Bryan ISD",2021-02-21,21902,"15866",11463,NA,NA,21,20,0,1,0,0,1,0,1,0,0,1
"Bryan ISD",2021-02-21,21902,"15866",11463,NA,NA,NA,NA,0,1,0,0,1,0,20,0,0,20
"Bryan ISD",2021-02-21,21902,"15866",11463,NA,NA,435,324,NA,NA,NA,NA,NA,5,4,0,0,9
"Bryan ISD",2021-02-21,21902,"15866",11463,NA,NA,428,357,0,1,0,0,1,5,5,0,0,10
"Bryan ISD",2021-02-21,21902,"15866",11463,NA,NA,514,442,NA,0,NA,NA,NA,6,3,0,0,9
"Bryan ISD",2021-02-21,21902,"15866",11463,NA,NA,480,362,NA,NA,NA,NA,NA,7,4,0,0,11
"Bryan ISD",2021-02-21,21902,"15866",11463,NA,NA,533,449,NA,0,NA,NA,NA,7,5,0,0,12
"Bryan ISD",2021-02-21,21902,"15866",11463,NA,NA,574,506,0,1,0,0,1,8,9,0,0,17
"Bryan ISD",2021-02-21,21902,"15866",11463,NA,NA,512,409,NA,NA,NA,NA,NA,9,4,0,0,13
"Bryan ISD",2021-02-21,21902,"15866",11463,NA,NA,395,348,NA,NA,NA,NA,NA,9,2,0,0,11
"Bryan ISD",2021-02-21,21902,"15866",11463,NA,NA,479,286,NA,0,NA,NA,NA,11,4,0,0,15
"Bryan ISD",2021-02-21,21902,"15866",11463,NA,NA,1078,764,0,2,0,0,2,12,11,0,0,23
"Bryan ISD",2021-02-21,21902,"15866",11463,NA,NA,1289,902,NA,1,NA,NA,NA,19,13,0,0,32
"Bryan ISD",2021-02-21,21902,"15866",11463,NA,NA,1217,921,NA,0,NA,NA,NA,22,20,0,0,42
"Bryan ISD",2021-02-21,21902,"15866",11463,NA,NA,1044,728,NA,NA,NA,NA,NA,23,10,0,0,33
"Bryan ISD",2021-02-21,21902,"15866",11463,NA,NA,1697,1044,NA,0,NA,NA,NA,46,11,0,0,57
"Bryan ISD",2021-02-21,21902,"15866",11463,NA,NA,2404,1367,NA,2,NA,NA,NA,101,27,0,0,128
"Bryan ISD Total",2021-02-21,21902,"15866",11463,NA,NA,15866,11463,12,10,0,0,22,307,183,0,0,490
"Terlingua Csd",2021-02-21,22004,"98",53,NA,NA,98,53,NA,NA,NA,NA,NA,5,2,5,2,0
"Terlingua Csd Total",2021-02-21,22004,"98",53,NA,NA,98,53,NA,NA,NA,NA,NA,5,2,5,2,0
"Alpine ISD",2021-02-21,22901,"926",857,NA,NA,323,280,NA,NA,NA,NA,NA,NA,5,NA,NA,NA
"Alpine ISD",2021-02-21,22901,"926",857,NA,NA,NA,NA,NA,NA,NA,NA,NA,1,7,0,1,7
"Alpine ISD",2021-02-21,22901,"926",857,NA,NA,285,259,NA,0,NA,NA,NA,8,3,0,3,8
"Alpine ISD",2021-02-21,22901,"926",857,NA,NA,318,318,0,1,0,1,0,24,6,0,2,28
"Alpine ISD Total",2021-02-21,22901,"926",857,NA,NA,926,857,NA,1,NA,NA,NA,NA,21,NA,NA,NA
"Marathon ISD",2021-02-21,22902,"60",56,NA,NA,60,56,NA,NA,NA,NA,NA,NA,NA,NA,NA,NA
"Marathon ISD Total",2021-02-21,22902,"60",56,NA,NA,60,56,NA,NA,NA,NA,NA,NA,NA,NA,NA,NA
"San Vicente ISD",2021-02-21,22903,"5",5,NA,NA,5,5,NA,NA,NA,NA,NA,NA,NA,NA,NA,NA
"San Vicente ISD Total",2021-02-21,22903,"5",5,NA,NA,5,5,NA,NA,NA,NA,NA,NA,NA,NA,NA,NA
"Silverton ISD",2021-02-21,23902,"188",0,NA,NA,188,0,NA,NA,NA,NA,NA,NA,11,NA,NA,NA
"Silverton ISD Total",2021-02-21,23902,"188",0,NA,NA,188,0,NA,NA,NA,NA,NA,NA,11,NA,NA,NA
"Brooks County ISD",2021-02-21,24901,"1431",674,NA,NA,194,80,NA,NA,NA,NA,NA,NA,NA,NA,NA,NA
"Brooks County ISD",2021-02-21,24901,"1431",674,NA,NA,387,200,NA,NA,NA,NA,NA,NA,0,NA,NA,NA
"Brooks County ISD",2021-02-21,24901,"1431",674,NA,NA,343,167,NA,NA,NA,NA,NA,NA,1,NA,NA,NA
"Brooks County ISD",2021-02-21,24901,"1431",674,NA,NA,310,140,NA,NA,NA,NA,NA,NA,1,NA,NA,NA
"Brooks County ISD",2021-02-21,24901,"1431",674,NA,NA,197,87,NA,NA,NA,NA,NA,NA,0,NA,NA,NA
"Brooks County ISD Total",2021-02-21,24901,"1431",674,NA,NA,1431,674,NA,NA,NA,NA,NA,NA,2,NA,NA,NA
"Bangs ISD",2021-02-21,25901,"836",802,NA,NA,322,309,NA,NA,NA,NA,NA,NA,5,NA,NA,NA
"Bangs ISD",2021-02-21,25901,"836",802,NA,NA,NA,NA,NA,NA,NA,NA,NA,1,0,0,0,1
"Bangs ISD",2021-02-21,25901,"836",802,NA,NA,259,248,NA,NA,NA,NA,NA,7,2,0,0,9
"Bangs ISD",2021-02-21,25901,"836",802,NA,NA,255,245,NA,NA,NA,NA,NA,11,5,0,0,16
"Bangs ISD Total",2021-02-21,25901,"836",802,NA,NA,836,802,NA,NA,NA,NA,NA,NA,12,NA,NA,NA
"Brownwood ISD",2021-02-21,25902,"3439",3088,NA,NA,17,11,NA,NA,NA,NA,NA,NA,NA,NA,NA,NA
"Brownwood ISD",2021-02-21,25902,"3439",3088,NA,NA,495,444,NA,NA,NA,NA,NA,NA,13,NA,NA,NA
"Brownwood ISD",2021-02-21,25902,"3439",3088,NA,NA,401,384,NA,NA,NA,NA,NA,NA,5,NA,NA,NA
"Brownwood ISD",2021-02-21,25902,"3439",3088,NA,NA,NA,NA,NA,NA,NA,NA,NA,5,4,0,6,3
"Brownwood ISD",2021-02-21,25902,"3439",3088,NA,NA,271,267,NA,NA,NA,NA,NA,7,5,0,3,9
"Brownwood ISD",2021-02-21,25902,"3439",3088,NA,NA,724,637,NA,NA,NA,NA,NA,10,2,0,6,6
"Brownwood ISD",2021-02-21,25902,"3439",3088,NA,NA,568,493,NA,NA,NA,NA,NA,14,2,0,5,11
"Brownwood ISD",2021-02-21,25902,"3439",3088,NA,NA,963,852,NA,NA,NA,NA,NA,45,3,3,14,31
"Brownwood ISD Total",2021-02-21,25902,"3439",3088,NA,NA,3439,3088,NA,NA,NA,NA,NA,91,34,9,43,73
"Blanket ISD",2021-02-21,25904,"142",140,NA,NA,142,140,NA,NA,NA,NA,NA,8,7,0,1,14
"Blanket ISD Total",2021-02-21,25904,"142",140,NA,NA,142,140,NA,NA,NA,NA,NA,8,7,0,1,14
"May ISD",2021-02-21,25905,"253",248,NA,NA,117,116,NA,NA,NA,NA,NA,NA,NA,NA,NA,NA
"May ISD",2021-02-21,25905,"253",248,NA,NA,136,132,NA,NA,NA,NA,NA,NA,0,NA,NA,NA
"May ISD",2021-02-21,25905,"253",248,NA,NA,NA,NA,NA,NA,NA,NA,NA,0,2,0,2,0
"May ISD Total",2021-02-21,25905,"253",248,NA,NA,253,248,NA,NA,NA,NA,NA,NA,2,NA,NA,NA
"Zephyr ISD",2021-02-21,25906,"199",196,NA,NA,199,196,NA,NA,NA,NA,NA,NA,0,NA,NA,NA
